0.000044 0.026516 0.007458 0.725710 0.009431 0.006488 0.003338
0.000378 0.080062 0.021942 0.633424 0.025225 0.019519 0.008827
0.000407 0.132861 0.022764 0.566680 0.027758 0.022870 0.007901
0.000084 0.034400 0.010321 0.518915 0.011264 0.009628 0.002808
0.000046 0.033030 0.007686 0.739780 0.010108 0.006801 0.002831
0.000401 0.100887 0.022584 0.551457 0.025325 0.021126 0.007698
0.000394 0.130300 0.022403 0.560510 0.025941 0.021483 0.018935
0.000032 0.020830 0.006425 0.689510 0.007622 0.005520 0.001896
0.000099 0.036995 0.011200 0.154950 0.011344 0.011207 0.002015
0.000110 0.038411 0.011823 0.341584 0.012246 0.011509 0.001953
0.000078 0.033462 0.009958 0.491890 0.010781 0.009386 0.002045
0.000094 0.038228 0.010966 0.430647 0.011739 0.010595 0.003098
0.000080 0.033183 0.010116 0.635060 0.011586 0.008950 0.002728
0.000111 0.041570 0.011865 0.544902 0.013112 0.010994 0.001893
0.000099 0.045403 0.011200 0.428371 0.012081 0.010916 0.005331
0.000089 0.040522 0.010653 0.637139 0.012788 0.009857 0.003037
0.000133 0.044346 0.013009 0.559772 0.014418 0.011947 0.003053
0.000117 0.040074 0.012223 0.498629 0.013192 0.011435 0.001946
0.000044 0.026279 0.007489 0.836293 0.010232 0.005610 0.003922
0.000074 0.034625 0.009677 0.616737 0.011131 0.008762 0.003037
0.000087 0.045503 0.010522 0.503620 0.011823 0.010214 0.004514
0.000152 0.062234 0.013931 0.813304 0.019959 0.011613 0.012542
0.000104 0.039323 0.011484 0.473845 0.012326 0.010854 0.002586
0.000176 0.056849 0.014975 0.499184 0.016666 0.014441 0.004200
0.000079 0.034316 0.010031 0.437231 0.010889 0.009793 0.003249
0.000067 0.030501 0.009224 0.424434 0.009815 0.008887 0.002155
0.000098 0.047095 0.011149 0.707428 0.014747 0.010423 0.007356
0.000097 0.045975 0.011123 0.691968 0.014344 0.010356 0.006511
0.000087 0.035894 0.010518 0.560497 0.011818 0.009787 0.003770
0.000114 0.045052 0.012026 0.579724 0.013676 0.011144 0.003775
0.000062 0.031746 0.008906 0.402923 0.009538 0.008730 0.001429
0.000078 0.034204 0.009941 0.650074 0.011678 0.008873 0.004034
0.000059 0.029929 0.008652 0.788101 0.011183 0.006884 0.003558
0.000039 0.023205 0.007055 0.696230 0.008463 0.006075 0.002257
0.000060 0.032709 0.008710 0.815593 0.011993 0.006939 0.004269
0.000117 0.044689 0.012220 0.468079 0.013211 0.011674 0.002426
0.000051 0.027660 0.008089 0.480567 0.008779 0.007699 0.002096
0.000064 0.030286 0.009028 0.428693 0.009593 0.008667 0.001470
0.000093 0.039432 0.010869 0.384391 0.011549 0.010661 0.001672
0.000076 0.034431 0.009847 0.526699 0.010846 0.009220 0.001905
0.000069 0.032135 0.009342 0.657294 0.010882 0.008201 0.002826
0.000098 0.060467 0.011179 0.652873 0.014796 0.011207 0.006791
0.000112 0.042676 0.011959 0.617211 0.013764 0.010829 0.003824
0.000129 0.046915 0.012819 0.636915 0.014997 0.011562 0.004778
0.000134 0.044782 0.013042 0.534213 0.014305 0.012092 0.002202
0.000125 0.041107 0.012631 0.398766 0.013234 0.012136 0.001750
0.000102 0.041708 0.011394 0.502824 0.012514 0.010817 0.001347
0.000115 0.051790 0.012094 0.791563 0.016459 0.010058 0.008228
0.000044 0.026516 0.007458 0.725710 0.009431 0.006488 0.003338
0.000378 0.080062 0.021942 0.633424 0.025225 0.019519 0.008827
0.000407 0.132861 0.022764 0.566680 0.027758 0.022870 0.007901
0.000084 0.034400 0.010321 0.518915 0.011264 0.009628 0.002808
0.000046 0.033030 0.007686 0.739780 0.010108 0.006801 0.002831
0.000401 0.100887 0.022584 0.551457 0.025325 0.021126 0.007698
0.000394 0.130300 0.022403 0.560510 0.025941 0.021483 0.018935
0.000032 0.020830 0.006425 0.689510 0.007622 0.005520 0.001896
0.000099 0.036995 0.011200 0.154950 0.011344 0.011207 0.002015
0.000110 0.038411 0.011823 0.341584 0.012246 0.011509 0.001953
0.000078 0.033462 0.009958 0.491890 0.010781 0.009386 0.002045
0.000094 0.038228 0.010966 0.430647 0.011739 0.010595 0.003098
0.000080 0.033183 0.010116 0.635060 0.011586 0.008950 0.002728
0.000111 0.041570 0.011865 0.544902 0.013112 0.010994 0.001893
0.000099 0.045403 0.011200 0.428371 0.012081 0.010916 0.005331
0.000089 0.040522 0.010653 0.637139 0.012788 0.009857 0.003037
0.000133 0.044346 0.013009 0.559772 0.014418 0.011947 0.003053
0.000117 0.040074 0.012223 0.498629 0.013192 0.011435 0.001946
0.000044 0.026279 0.007489 0.836293 0.010232 0.005610 0.003922
0.000074 0.034625 0.009677 0.616737 0.011131 0.008762 0.003037
0.000087 0.045503 0.010522 0.503620 0.011823 0.010214 0.004514
0.000152 0.062234 0.013931 0.813304 0.019959 0.011613 0.012542
0.000104 0.039323 0.011484 0.473845 0.012326 0.010854 0.002586
0.000176 0.056849 0.014975 0.499184 0.016666 0.014441 0.004200
0.000079 0.034316 0.010031 0.437231 0.010889 0.009793 0.003249
0.000067 0.030501 0.009224 0.424434 0.009815 0.008887 0.002155
0.000098 0.047095 0.011149 0.707428 0.014747 0.010423 0.007356
0.000097 0.045975 0.011123 0.691968 0.014344 0.010356 0.006511
0.000087 0.035894 0.010518 0.560497 0.011818 0.009787 0.003770
0.000114 0.045052 0.012026 0.579724 0.013676 0.011144 0.003775
0.000062 0.031746 0.008906 0.402923 0.009538 0.008730 0.001429
0.000078 0.034204 0.009941 0.650074 0.011678 0.008873 0.004034
0.000059 0.029929 0.008652 0.788101 0.011183 0.006884 0.003558
0.000039 0.023205 0.007055 0.696230 0.008463 0.006075 0.002257
0.000060 0.032709 0.008710 0.815593 0.011993 0.006939 0.004269
0.000117 0.044689 0.012220 0.468079 0.013211 0.011674 0.002426
0.000051 0.027660 0.008089 0.480567 0.008779 0.007699 0.002096
0.000064 0.030286 0.009028 0.428693 0.009593 0.008667 0.001470
0.000093 0.039432 0.010869 0.384391 0.011549 0.010661 0.001672
0.000076 0.034431 0.009847 0.526699 0.010846 0.009220 0.001905
0.000069 0.032135 0.009342 0.657294 0.010882 0.008201 0.002826
0.000098 0.060467 0.011179 0.652873 0.014796 0.011207 0.006791
0.000112 0.042676 0.011959 0.617211 0.013764 0.010829 0.003824
0.000129 0.046915 0.012819 0.636915 0.014997 0.011562 0.004778
0.000134 0.044782 0.013042 0.534213 0.014305 0.012092 0.002202
0.000125 0.041107 0.012631 0.398766 0.013234 0.012136 0.001750
0.000102 0.041708 0.011394 0.502824 0.012514 0.010817 0.001347
0.000115 0.051790 0.012094 0.791563 0.016459 0.010058 0.008228
0.000044 0.026516 0.007458 0.725710 0.009431 0.006488 0.003338
0.000378 0.080062 0.021942 0.633424 0.025225 0.019519 0.008827
0.000407 0.132861 0.022764 0.566680 0.027758 0.022870 0.007901
0.000084 0.034400 0.010321 0.518915 0.011264 0.009628 0.002808
0.000046 0.033030 0.007686 0.739780 0.010108 0.006801 0.002831
0.000401 0.100887 0.022584 0.551457 0.025325 0.021126 0.007698
0.000394 0.130300 0.022403 0.560510 0.025941 0.021483 0.018935
0.000032 0.020830 0.006425 0.689510 0.007622 0.005520 0.001896
0.000099 0.036995 0.011200 0.154950 0.011344 0.011207 0.002015
0.000110 0.038411 0.011823 0.341584 0.012246 0.011509 0.001953
0.000078 0.033462 0.009958 0.491890 0.010781 0.009386 0.002045
0.000094 0.038228 0.010966 0.430647 0.011739 0.010595 0.003098
0.000080 0.033183 0.010116 0.635060 0.011586 0.008950 0.002728
0.000111 0.041570 0.011865 0.544902 0.013112 0.010994 0.001893
0.000099 0.045403 0.011200 0.428371 0.012081 0.010916 0.005331
0.000089 0.040522 0.010653 0.637139 0.012788 0.009857 0.003037
0.000133 0.044346 0.013009 0.559772 0.014418 0.011947 0.003053
0.000117 0.040074 0.012223 0.498629 0.013192 0.011435 0.001946
0.000044 0.026279 0.007489 0.836293 0.010232 0.005610 0.003922
0.000074 0.034625 0.009677 0.616737 0.011131 0.008762 0.003037
0.000087 0.045503 0.010522 0.503620 0.011823 0.010214 0.004514
0.000152 0.062234 0.013931 0.813304 0.019959 0.011613 0.012542
0.000104 0.039323 0.011484 0.473845 0.012326 0.010854 0.002586
0.000176 0.056849 0.014975 0.499184 0.016666 0.014441 0.004200
0.000079 0.034316 0.010031 0.437231 0.010889 0.009793 0.003249
0.000067 0.030501 0.009224 0.424434 0.009815 0.008887 0.002155
0.000098 0.047095 0.011149 0.707428 0.014747 0.010423 0.007356
0.000097 0.045975 0.011123 0.691968 0.014344 0.010356 0.006511
0.000087 0.035894 0.010518 0.560497 0.011818 0.009787 0.003770
0.000114 0.045052 0.012026 0.579724 0.013676 0.011144 0.003775
0.000062 0.031746 0.008906 0.402923 0.009538 0.008730 0.001429
0.000078 0.034204 0.009941 0.650074 0.011678 0.008873 0.004034
0.000059 0.029929 0.008652 0.788101 0.011183 0.006884 0.003558
0.000039 0.023205 0.007055 0.696230 0.008463 0.006075 0.002257
0.000060 0.032709 0.008710 0.815593 0.011993 0.006939 0.004269
0.000117 0.044689 0.012220 0.468079 0.013211 0.011674 0.002426
0.000051 0.027660 0.008089 0.480567 0.008779 0.007699 0.002096
0.000064 0.030286 0.009028 0.428693 0.009593 0.008667 0.001470
0.000093 0.039432 0.010869 0.384391 0.011549 0.010661 0.001672
0.000076 0.034431 0.009847 0.526699 0.010846 0.009220 0.001905
0.000069 0.032135 0.009342 0.657294 0.010882 0.008201 0.002826
0.000098 0.060467 0.011179 0.652873 0.014796 0.011207 0.006791
0.000112 0.042676 0.011959 0.617211 0.013764 0.010829 0.003824
0.000129 0.046915 0.012819 0.636915 0.014997 0.011562 0.004778
0.000134 0.044782 0.013042 0.534213 0.014305 0.012092 0.002202
0.000125 0.041107 0.012631 0.398766 0.013234 0.012136 0.001750
0.000102 0.041708 0.011394 0.502824 0.012514 0.010817 0.001347
0.000115 0.051790 0.012094 0.791563 0.016459 0.010058 0.008228
0.000044 0.026516 0.007458 0.725710 0.009431 0.006488 0.003338
0.000378 0.080062 0.021942 0.633424 0.025225 0.019519 0.008827
0.000407 0.132861 0.022764 0.566680 0.027758 0.022870 0.007901
0.000084 0.034400 0.010321 0.518915 0.011264 0.009628 0.002808
0.000046 0.033030 0.007686 0.739780 0.010108 0.006801 0.002831
0.000401 0.100887 0.022584 0.551457 0.025325 0.021126 0.007698
0.000394 0.130300 0.022403 0.560510 0.025941 0.021483 0.018935
0.000032 0.020830 0.006425 0.689510 0.007622 0.005520 0.001896
0.000099 0.036995 0.011200 0.154950 0.011344 0.011207 0.002015
0.000110 0.038411 0.011823 0.341584 0.012246 0.011509 0.001953
0.000078 0.033462 0.009958 0.491890 0.010781 0.009386 0.002045
0.000094 0.038228 0.010966 0.430647 0.011739 0.010595 0.003098
0.000080 0.033183 0.010116 0.635060 0.011586 0.008950 0.002728
0.000111 0.041570 0.011865 0.544902 0.013112 0.010994 0.001893
0.000099 0.045403 0.011200 0.428371 0.012081 0.010916 0.005331
0.000089 0.040522 0.010653 0.637139 0.012788 0.009857 0.003037
0.000133 0.044346 0.013009 0.559772 0.014418 0.011947 0.003053
0.000117 0.040074 0.012223 0.498629 0.013192 0.011435 0.001946
0.000044 0.026279 0.007489 0.836293 0.010232 0.005610 0.003922
0.000074 0.034625 0.009677 0.616737 0.011131 0.008762 0.003037
0.000087 0.045503 0.010522 0.503620 0.011823 0.010214 0.004514
0.000152 0.062234 0.013931 0.813304 0.019959 0.011613 0.012542
0.000104 0.039323 0.011484 0.473845 0.012326 0.010854 0.002586
0.000176 0.056849 0.014975 0.499184 0.016666 0.014441 0.004200
0.000079 0.034316 0.010031 0.437231 0.010889 0.009793 0.003249
0.000067 0.030501 0.009224 0.424434 0.009815 0.008887 0.002155
0.000098 0.047095 0.011149 0.707428 0.014747 0.010423 0.007356
0.000097 0.045975 0.011123 0.691968 0.014344 0.010356 0.006511
0.000087 0.035894 0.010518 0.560497 0.011818 0.009787 0.003770
0.000114 0.045052 0.012026 0.579724 0.013676 0.011144 0.003775
0.000062 0.031746 0.008906 0.402923 0.009538 0.008730 0.001429
0.000078 0.034204 0.009941 0.650074 0.011678 0.008873 0.004034
0.000059 0.029929 0.008652 0.788101 0.011183 0.006884 0.003558
0.000039 0.023205 0.007055 0.696230 0.008463 0.006075 0.002257
0.000060 0.032709 0.008710 0.815593 0.011993 0.006939 0.004269
0.000117 0.044689 0.012220 0.468079 0.013211 0.011674 0.002426
0.000051 0.027660 0.008089 0.480567 0.008779 0.007699 0.002096
0.000064 0.030286 0.009028 0.428693 0.009593 0.008667 0.001470
0.000093 0.039432 0.010869 0.384391 0.011549 0.010661 0.001672
0.000076 0.034431 0.009847 0.526699 0.010846 0.009220 0.001905
0.000069 0.032135 0.009342 0.657294 0.010882 0.008201 0.002826
0.000098 0.060467 0.011179 0.652873 0.014796 0.011207 0.006791
0.000112 0.042676 0.011959 0.617211 0.013764 0.010829 0.003824
0.000129 0.046915 0.012819 0.636915 0.014997 0.011562 0.004778
0.000134 0.044782 0.013042 0.534213 0.014305 0.012092 0.002202
0.000125 0.041107 0.012631 0.398766 0.013234 0.012136 0.001750
0.000102 0.041708 0.011394 0.502824 0.012514 0.010817 0.001347
0.000115 0.051790 0.012094 0.791563 0.016459 0.010058 0.008228
0.000115 0.051790 0.012094 0.791563 0.016459 0.010058 0.008228
0.000106 0.048994 0.011630 0.814086 0.016245 0.009434 0.008727
0.000136 0.059058 0.013182 0.833690 0.018805 0.010385 0.009584
0.000154 0.068465 0.013995 0.896905 0.022888 0.010121 0.013689
0.000090 0.045988 0.010697 0.523255 0.012184 0.010383 0.003011
0.000114 0.051343 0.012050 0.787020 0.016329 0.010074 0.007982
0.000070 0.043124 0.009452 0.497281 0.010808 0.009377 0.004590
0.000078 0.037854 0.009941 0.613043 0.011556 0.009129 0.000770
0.000038 0.024210 0.006999 0.701197 0.008591 0.006125 0.002862
0.000365 0.074875 0.021568 0.577396 0.024111 0.019686 0.006539
0.000375 0.131575 0.021861 0.479064 0.026105 0.022915 0.011154
0.000083 0.034038 0.010273 0.509566 0.011164 0.009605 0.002639
0.000370 0.135191 0.021695 0.602750 0.025653 0.020469 0.019416
0.000205 0.097189 0.016148 0.742223 0.023113 0.015489 0.004582
0.000032 0.020830 0.006420 0.691806 0.007628 0.005508 0.001903
0.000089 0.039485 0.010625 0.341035 0.011083 0.010418 0.004536
0.000107 0.042574 0.011647 0.239963 0.011909 0.011562 0.004895
0.000076 0.032762 0.009834 0.497271 0.010652 0.009241 0.001974
0.000086 0.034072 0.010439 0.252907 0.010673 0.010326 0.001919
0.000079 0.032556 0.010001 0.667941 0.011666 0.008682 0.003035
0.000105 0.041234 0.011576 0.570755 0.012923 0.010611 0.002159
0.000083 0.048069 0.010263 0.408500 0.011426 0.010429 0.006769
0.000082 0.038048 0.010240 0.507245 0.011547 0.009951 0.001667
0.000123 0.041634 0.012515 0.531038 0.013663 0.011577 0.002149
0.000116 0.039695 0.012174 0.486287 0.013087 0.011435 0.001927
0.000064 0.030333 0.009031 0.576269 0.010102 0.008256 0.001844
0.000142 0.059843 0.013431 0.831347 0.019675 0.010934 0.012225
0.000097 0.037295 0.011131 0.385151 0.011672 0.010772 0.002403
0.000165 0.059409 0.014514 0.414686 0.015830 0.014405 0.001095
0.000076 0.033505 0.009817 0.430870 0.010614 0.009578 0.003253
0.000065 0.029465 0.009075 0.301044 0.009379 0.008944 0.001564
0.000059 0.034357 0.008637 0.598228 0.010033 0.008040 0.004688
0.000080 0.039013 0.010123 0.664846 0.012233 0.009138 0.004347
0.000084 0.035094 0.010314 0.590463 0.011723 0.009461 0.003493
0.000105 0.042357 0.011573 0.490189 0.012706 0.011074 0.003136
0.000046 0.025411 0.007612 0.605223 0.008641 0.006879 0.001324
0.000064 0.032288 0.009024 0.761104 0.011423 0.007409 0.003678
0.000056 0.029969 0.008466 0.816242 0.011332 0.006547 0.003610
0.000039 0.023205 0.007055 0.696230 0.008463 0.006075 0.002257
0.000042 0.029929 0.007278 0.691912 0.009448 0.006821 0.001858
0.000107 0.041430 0.011647 0.363472 0.012197 0.011363 0.001927
0.000043 0.023731 0.007400 0.480795 0.007969 0.006987 0.001845
0.000062 0.029839 0.008872 0.467408 0.009531 0.008426 0.001635
0.000081 0.035211 0.010126 0.411220 0.010868 0.009907 0.002303
0.000070 0.031729 0.009455 0.624457 0.010818 0.008450 0.002549
0.000063 0.036330 0.008932 0.665432 0.010676 0.007969 0.003494
0.000034 0.023383 0.006548 0.838759 0.009171 0.004994 0.002736
0.000042 0.027059 0.007341 0.476348 0.008335 0.007328 0.002368
0.000114 0.062615 0.012064 0.648475 0.014748 0.011227 0.009380
0.000126 0.043466 0.012681 0.596394 0.014291 0.011471 0.002671
0.000124 0.041402 0.012581 0.400260 0.013200 0.012096 0.001875
0.000086 0.035042 0.010452 0.482611 0.011299 0.009896 0.002489
0.000078 0.037854 0.009941 0.613043 0.011556 0.009129 0.000770
0.000042 0.026279 0.007305 0.759267 0.009520 0.006196 0.003557
0.000370 0.076176 0.021708 0.591372 0.024434 0.019703 0.007025
0.000399 0.132285 0.022527 0.565983 0.027776 0.022899 0.007112
0.000084 0.034400 0.010321 0.518915 0.011264 0.009628 0.002808
0.000398 0.104384 0.022500 0.543868 0.025177 0.021128 0.009506
0.000388 0.131392 0.022235 0.555139 0.025745 0.021414 0.018404
0.000046 0.026991 0.007638 0.729292 0.009590 0.006562 0.003342
0.000379 0.080510 0.021976 0.639310 0.025351 0.019494 0.008884
0.000415 0.132172 0.022980 0.541954 0.027617 0.023210 0.009495
0.000087 0.035084 0.010506 0.474165 0.011299 0.009948 0.002588
0.000050 0.030292 0.008003 0.773871 0.010536 0.006673 0.002654
0.000442 0.124991 0.023711 0.477684 0.026184 0.023004 0.011876
0.000431 0.133658 0.023414 0.456778 0.026348 0.023439 0.017985
0.000032 0.020830 0.006425 0.689510 0.007622 0.005520 0.001896
0.000102 0.038479 0.011408 0.268148 0.011688 0.011260 0.001835
0.000111 0.039223 0.011909 0.273619 0.012200 0.011735 0.001924
0.000118 0.073755 0.012266 0.893326 0.023176 0.010415 0.020698
0.000113 0.047217 0.011995 0.650722 0.014576 0.011068 0.005262
0.000084 0.034357 0.010347 0.578979 0.011592 0.009452 0.002347
0.000117 0.042170 0.012225 0.530207 0.013460 0.011413 0.002106
0.000109 0.040342 0.011806 0.470555 0.012687 0.011194 0.002334
0.000089 0.040286 0.010675 0.637382 0.012803 0.009865 0.003025
0.000134 0.044708 0.013080 0.557713 0.014487 0.012025 0.003171
0.000118 0.040242 0.012239 0.503688 0.013234 0.011432 0.002229
0.000057 0.031761 0.008509 0.750567 0.010785 0.007127 0.001603
0.000048 0.028375 0.007806 0.869544 0.011266 0.005564 0.004899
0.000081 0.037099 0.010156 0.703597 0.012271 0.008720 0.003866
0.000096 0.051163 0.011075 0.630943 0.013327 0.010340 0.004315
0.000200 0.080209 0.015975 0.795463 0.022376 0.013560 0.010153
0.000106 0.040135 0.011613 0.470008 0.012441 0.010981 0.002226
0.000179 0.057829 0.015083 0.524125 0.016930 0.014419 0.003547
0.000081 0.034789 0.010152 0.493225 0.011181 0.009726 0.003063
0.000068 0.031143 0.009339 0.493996 0.010174 0.008846 0.002843
0.000102 0.048520 0.011397 0.675219 0.014778 0.010900 0.007323
0.000106 0.048380 0.011639 0.511741 0.013882 0.011926 0.006465
0.000089 0.036931 0.010647 0.561706 0.011959 0.009894 0.003172
0.000119 0.046672 0.012304 0.470867 0.013500 0.011910 0.003357
0.000071 0.035463 0.009525 0.664415 0.011324 0.008463 0.002555
0.000086 0.036832 0.010452 0.704476 0.012628 0.008962 0.004143
0.000065 0.032193 0.009108 0.676404 0.010910 0.008035 0.002761
0.000067 0.039991 0.009238 0.606594 0.011360 0.009032 0.002426
0.000078 0.042718 0.009968 0.504431 0.012060 0.010413 0.002978
0.000120 0.046032 0.012350 0.508856 0.013508 0.011629 0.002239
0.000053 0.027854 0.008179 0.479478 0.008883 0.007796 0.002402
0.000074 0.036257 0.009681 0.689835 0.011772 0.008523 0.003089
0.000098 0.040259 0.011158 0.491808 0.012198 0.010621 0.001593
0.000081 0.036053 0.010136 0.469944 0.010961 0.009676 0.001702
0.000073 0.034136 0.009660 0.669889 0.011378 0.008448 0.002859
0.000143 0.084454 0.013500 0.823620 0.022664 0.012854 0.012565
0.000115 0.042954 0.012122 0.595824 0.013795 0.011079 0.003724
0.000154 0.063327 0.013995 0.454619 0.015633 0.013924 0.005118
0.000134 0.045035 0.013086 0.535539 0.014358 0.012126 0.002053
0.000125 0.041107 0.012631 0.398766 0.013234 0.012136 0.001750
0.000106 0.043498 0.011616 0.422262 0.012526 0.011355 0.001646
0.000115 0.051469 0.012097 0.791599 0.016457 0.010056 0.008338
0.000333 0.071063 0.020603 0.632363 0.023655 0.018325 0.007208
0.000324 0.113773 0.020306 0.658410 0.026382 0.019857 0.006334
0.000070 0.031045 0.009438 0.560966 0.010472 0.008669 0.002344
0.000307 0.107189 0.019787 0.650434 0.025122 0.019082 0.011619
0.000305 0.092158 0.019692 0.641604 0.024517 0.018805 0.008009
0.000085 0.034805 0.010388 0.404118 0.010941 0.010008 0.001933
0.000030 0.020730 0.006226 0.667597 0.007339 0.005464 0.001998
0.000334 0.071397 0.020634 0.634263 0.023714 0.018333 0.007494
0.000334 0.109313 0.020608 0.656052 0.026375 0.019906 0.009417
0.000077 0.033772 0.009887 0.666287 0.011632 0.008674 0.003749
0.000037 0.024758 0.006855 0.812560 0.009300 0.005421 0.003192
0.000317 0.110042 0.020104 0.632825 0.025130 0.019458 0.013242
0.000318 0.098896 0.020137 0.673659 0.025678 0.018977 0.011204
0.000088 0.035142 0.010562 0.467394 0.011293 0.009983 0.002012
0.000095 0.036916 0.011024 0.514991 0.011973 0.010263 0.002107
0.000105 0.064052 0.011561 0.899702 0.021458 0.009366 0.021881
0.000099 0.043541 0.011250 0.679733 0.013855 0.010162 0.005444
0.000072 0.031523 0.009594 0.585432 0.010816 0.008769 0.002339
0.000097 0.037869 0.011134 0.599436 0.012637 0.010115 0.002542
0.000093 0.036653 0.010909 0.557300 0.012077 0.010028 0.002520
0.000079 0.039253 0.010047 0.741675 0.013009 0.008726 0.002610
0.000113 0.041355 0.012020 0.612740 0.013657 0.010793 0.003358
0.000103 0.037684 0.011449 0.528142 0.012493 0.010609 0.002448
0.000078 0.042187 0.009948 0.892986 0.016224 0.007302 0.008104
0.000068 0.034025 0.009324 0.702101 0.011316 0.008058 0.003444
0.000091 0.036458 0.010740 0.510045 0.011794 0.010144 0.003008
0.000186 0.070132 0.015373 0.869956 0.024422 0.012043 0.014982
0.000095 0.037363 0.011021 0.484426 0.011858 0.010374 0.002590
0.000161 0.051362 0.014332 0.630736 0.016827 0.013058 0.005573
0.000069 0.032709 0.009392 0.499268 0.010354 0.008971 0.002557
0.000055 0.027579 0.008364 0.554065 0.009279 0.007725 0.002480
0.000079 0.035548 0.010054 0.594262 0.011536 0.009278 0.002289
0.000088 0.041507 0.010609 0.712286 0.013443 0.009435 0.004696
0.000075 0.034472 0.009769 0.524340 0.010887 0.009270 0.003206
0.000113 0.044398 0.011984 0.513310 0.013322 0.011433 0.003327
0.000049 0.027427 0.007932 0.728446 0.009837 0.006739 0.002964
0.000077 0.034263 0.009908 0.435889 0.010732 0.009658 0.003060
0.000050 0.027986 0.008003 0.760669 0.010257 0.006658 0.003256
0.000064 0.036345 0.009057 0.829719 0.012937 0.007221 0.004732
0.000053 0.028575 0.008204 0.683195 0.009880 0.007215 0.003070
0.000100 0.041071 0.011294 0.414349 0.012068 0.010983 0.001825
0.000039 0.022741 0.007079 0.235311 0.007237 0.007034 0.001142
0.000053 0.026331 0.008179 0.555574 0.009038 0.007515 0.001345
0.000086 0.035841 0.010461 0.499193 0.011387 0.009867 0.001603
0.000065 0.032293 0.009083 0.475826 0.009925 0.008729 0.002010
0.000064 0.032335 0.009061 0.636870 0.010568 0.008148 0.002478
0.000040 0.025273 0.007167 0.739952 0.009077 0.006106 0.002084
0.000109 0.044761 0.011783 0.714330 0.014680 0.010273 0.005487
0.000139 0.069509 0.013284 0.517313 0.016051 0.013737 0.006813
0.000116 0.041791 0.012149 0.532047 0.013333 0.011289 0.001990
0.000108 0.037947 0.011715 0.546360 0.012846 0.010759 0.002344
0.000085 0.035352 0.010375 0.311477 0.010840 0.010301 0.002460
0.000085 0.036442 0.010414 0.671189 0.012407 0.009197 0.003591
0.000310 0.070361 0.019882 0.581767 0.022297 0.018135 0.007226
0.000263 0.108069 0.018304 0.670814 0.025391 0.018830 0.014037
0.000054 0.027035 0.008292 0.450102 0.008882 0.007931 0.002215
0.000201 0.076446 0.015999 0.845581 0.025798 0.013772 0.017105
0.000116 0.057089 0.012141 0.870571 0.018721 0.009211 0.006604
0.000063 0.028664 0.008939 0.374772 0.009315 0.008636 0.000758
0.000305 0.067225 0.019714 0.630953 0.022631 0.017558 0.007034
0.000276 0.099435 0.018748 0.682298 0.025006 0.018281 0.014984
0.000062 0.029842 0.008898 0.680003 0.010556 0.007740 0.003267
0.000266 0.101110 0.018400 0.686354 0.024568 0.017868 0.006827
0.000245 0.100753 0.017648 0.704109 0.024728 0.017559 0.004221
0.000071 0.031011 0.009532 0.542758 0.010452 0.008778 0.001818
0.000056 0.031868 0.008427 0.696938 0.010635 0.007627 0.003161
0.000082 0.056990 0.010192 0.908151 0.019663 0.008232 0.019686
0.000074 0.034225 0.009739 0.675394 0.011734 0.008654 0.004157
0.000062 0.036122 0.008921 0.896174 0.014309 0.006349 0.008074
0.000384 0.082507 0.022101 0.647822 0.025605 0.019506 0.009305
0.000416 0.132172 0.023021 0.543775 0.027671 0.023223 0.010108
0.000093 0.036889 0.010866 0.571876 0.012176 0.009989 0.003783
0.000052 0.028755 0.008163 0.768501 0.010471 0.006700 0.003033
0.000451 0.128824 0.023967 0.442256 0.026182 0.023482 0.013790
0.000439 0.136480 0.023648 0.423465 0.026372 0.023891 0.017981
0.000043 0.026338 0.007404 0.847660 0.010355 0.005494 0.003852
0.000104 0.038175 0.011501 0.347070 0.011928 0.011187 0.001933
0.000113 0.039670 0.011984 0.312781 0.012354 0.011734 0.001798
0.000132 0.068400 0.012976 0.897739 0.023073 0.010164 0.021314
0.000122 0.048265 0.012478 0.677658 0.015300 0.011251 0.005806
0.000088 0.035573 0.010572 0.633093 0.012155 0.009409 0.002653
0.000127 0.046842 0.012710 0.661309 0.015051 0.011290 0.004655
0.000114 0.041528 0.012067 0.510351 0.013126 0.011288 0.002797
0.000100 0.044060 0.011288 0.693868 0.013914 0.010019 0.001112
0.000135 0.045029 0.013118 0.566648 0.014577 0.012011 0.003149
0.000120 0.040675 0.012347 0.516836 0.013413 0.011483 0.002079
0.000081 0.043781 0.010159 0.819034 0.014341 0.008228 0.005587
0.000116 0.055061 0.012155 0.811020 0.016765 0.009808 0.003850
0.000094 0.046543 0.010954 0.769000 0.014187 0.009069 0.004105
0.000115 0.044621 0.012122 0.519545 0.013552 0.011580 0.004505
0.000317 0.128809 0.020075 0.810672 0.029269 0.017137 0.011866
0.000116 0.042240 0.012138 0.459986 0.012966 0.011513 0.002555
0.000195 0.060920 0.015753 0.615577 0.018484 0.014567 0.007912
0.000089 0.038369 0.010616 0.614382 0.012311 0.009713 0.003660
0.000069 0.031185 0.009374 0.512618 0.010273 0.008821 0.002951
0.000167 0.085985 0.014596 0.424130 0.017684 0.016015 0.005765
0.000137 0.062949 0.013202 0.628727 0.016754 0.013028 0.007302
0.000093 0.038426 0.010893 0.475214 0.011889 0.010461 0.003023
0.000142 0.052627 0.013446 0.303321 0.014179 0.013511 0.001645
0.000074 0.036874 0.009725 0.587874 0.011122 0.008997 0.001742
0.000108 0.045779 0.011721 0.234936 0.012651 0.012297 0.004962
0.000079 0.039559 0.010021 0.841634 0.014265 0.007704 0.006724
0.000096 0.048684 0.011078 0.613750 0.013393 0.010574 0.003302
0.000113 0.061815 0.011981 0.389116 0.014197 0.013078 0.004674
0.000138 0.056853 0.013257 0.306541 0.014137 0.013456 0.002525
0.000056 0.028696 0.008439 0.422827 0.008999 0.008155 0.001594
0.000078 0.037135 0.009964 0.682119 0.011976 0.008758 0.002406
0.000104 0.039517 0.011495 0.403157 0.012140 0.011110 0.001499
0.000083 0.037437 0.010295 0.508015 0.011307 0.009740 0.001312
0.000079 0.036332 0.010047 0.662941 0.011843 0.008866 0.003080
0.000176 0.081523 0.014955 0.807408 0.022140 0.013063 0.009906
0.000131 0.048826 0.012938 0.681853 0.015634 0.011436 0.004858
0.000029 0.020536 0.006102 0.744547 0.007607 0.005078 0.002042
0.000183 0.071057 0.015280 0.542348 0.017488 0.014693 0.007072
0.000135 0.045035 0.013101 0.532324 0.014354 0.012151 0.002296
0.000127 0.041343 0.012699 0.413694 0.013352 0.012156 0.001874
0.000138 0.063338 0.013234 0.827481 0.019691 0.011056 0.012907
0.000156 0.069892 0.014115 0.896198 0.022854 0.010139 0.012906
0.000062 0.036122 0.008921 0.896174 0.014309 0.006349 0.008074
0.000384 0.082507 0.022101 0.647822 0.025605 0.019506 0.009305
0.000416 0.132172 0.023021 0.543775 0.027671 0.023223 0.010108
0.000093 0.036889 0.010866 0.571876 0.012176 0.009989 0.003783
0.000052 0.028755 0.008163 0.768501 0.010471 0.006700 0.003033
0.000451 0.128824 0.023967 0.442256 0.026182 0.023482 0.013790
0.000439 0.136480 0.023648 0.423465 0.026372 0.023891 0.017981
0.000043 0.026338 0.007404 0.847660 0.010355 0.005494 0.003852
0.000062 0.036122 0.008921 0.896174 0.014309 0.006349 0.008074
0.000384 0.082507 0.022101 0.647822 0.025605 0.019506 0.009305
0.000416 0.132172 0.023021 0.543775 0.027671 0.023223 0.010108
0.000093 0.036889 0.010866 0.571876 0.012176 0.009989 0.003783
0.000052 0.028755 0.008163 0.768501 0.010471 0.006700 0.003033
0.000451 0.128824 0.023967 0.442256 0.026182 0.023482 0.013790
0.000439 0.136480 0.023648 0.423465 0.026372 0.023891 0.017981
0.000043 0.026338 0.007404 0.847660 0.010355 0.005494 0.003852
0.000104 0.038175 0.011501 0.347070 0.011928 0.011187 0.001933
0.000113 0.039670 0.011984 0.312781 0.012354 0.011734 0.001798
0.000132 0.068400 0.012976 0.897739 0.023073 0.010164 0.021314
0.000122 0.048265 0.012478 0.677658 0.015300 0.011251 0.005806
0.000088 0.035573 0.010572 0.633093 0.012155 0.009409 0.002653
0.000127 0.046842 0.012710 0.661309 0.015051 0.011290 0.004655
0.000114 0.041528 0.012067 0.510351 0.013126 0.011288 0.002797
0.000091 0.043309 0.010777 0.747685 0.013804 0.009167 0.004636
0.000412 0.086206 0.022905 0.697091 0.027331 0.019596 0.010525
0.000492 0.146769 0.025028 0.597630 0.031573 0.025314 0.008915
0.000218 0.085328 0.016668 0.932317 0.031687 0.011459 0.024249
0.000092 0.040033 0.010817 0.809282 0.014582 0.008566 0.006188
0.000546 0.126050 0.026357 0.560303 0.029746 0.024638 0.008194
0.000644 0.187361 0.028634 0.808220 0.041406 0.024383 0.041511
0.000155 0.079524 0.014035 0.633954 0.016936 0.013097 0.013200
0.000121 0.044383 0.012401 0.504263 0.013679 0.011812 0.004539
0.000169 0.057504 0.014660 0.616538 0.017296 0.013618 0.006516
0.000335 0.123099 0.020656 0.471993 0.023910 0.021079 0.015632
0.000510 0.202003 0.025481 0.837834 0.038425 0.020977 0.028586
0.000149 0.063807 0.013770 0.543775 0.016640 0.013965 0.006280
0.000308 0.113698 0.019795 0.776700 0.027726 0.017464 0.018976
0.000310 0.128497 0.019872 0.912003 0.035895 0.014724 0.025740
0.000133 0.048046 0.012996 0.560280 0.014565 0.012064 0.002805
0.000353 0.072789 0.021197 0.550599 0.023414 0.019545 0.007199
0.000189 0.108584 0.015519 0.919548 0.029715 0.011677 0.017623
0.000066 0.034621 0.009184 0.607602 0.010566 0.008392 0.002514
0.000082 0.050574 0.010214 0.854171 0.016515 0.008588 0.010262
0.000033 0.022698 0.006466 0.695170 0.007883 0.005667 0.001203
0.000064 0.039123 0.009024 0.364601 0.010102 0.009407 0.004145
0.000055 0.038568 0.008388 0.811384 0.012111 0.007079 0.002679
0.000071 0.030928 0.009476 0.480491 0.010200 0.008946 0.001474
0.000034 0.022267 0.006568 0.846182 0.009095 0.004846 0.003194
0.000074 0.031761 0.009694 0.624561 0.011040 0.008622 0.002684
0.000090 0.037654 0.010728 0.687609 0.012749 0.009257 0.002598
0.000074 0.033934 0.009677 0.601578 0.011146 0.008904 0.001922
0.000112 0.040265 0.011931 0.501369 0.012921 0.011180 0.001294
0.000099 0.044491 0.011206 0.359104 0.012003 0.011202 0.002263
0.000043 0.031398 0.007413 0.676036 0.009291 0.006846 0.003125
0.000079 0.041404 0.010037 0.436886 0.011079 0.009966 0.004746
0.000111 0.039123 0.011865 0.490848 0.012823 0.011172 0.002418
0.000064 0.030235 0.009042 0.525057 0.010012 0.008521 0.003021
0.000063 0.028681 0.008943 0.312925 0.009240 0.008776 0.001486
0.000027 0.019892 0.005897 0.773490 0.007617 0.004828 0.002481
0.000042 0.028137 0.007309 0.824991 0.010281 0.005810 0.002786
0.000066 0.029627 0.009141 0.521317 0.009942 0.008485 0.001162
0.000082 0.033770 0.010218 0.543167 0.011233 0.009432 0.001940
0.000038 0.023511 0.006946 0.737568 0.008579 0.005793 0.002276
0.000037 0.021944 0.006855 0.669136 0.008004 0.005948 0.002017
0.000088 0.042170 0.010591 0.452482 0.011449 0.010210 0.005554
0.000046 0.025369 0.007686 0.510637 0.008351 0.007180 0.001319
0.000034 0.021905 0.006563 0.726520 0.008020 0.005511 0.001830
0.000057 0.027926 0.008505 0.481877 0.009183 0.008047 0.001398
0.000037 0.024127 0.006826 0.788270 0.009031 0.005557 0.002542
0.000095 0.056626 0.010981 0.315635 0.012583 0.011940 0.006456
0.000089 0.058218 0.010672 0.142515 0.011673 0.011554 0.008529
0.000065 0.037461 0.009075 0.602944 0.010415 0.008309 0.005354
0.000046 0.026991 0.007638 0.729292 0.009590 0.006562 0.003342
0.000379 0.080383 0.021970 0.638156 0.025326 0.019499 0.008895
0.000361 0.107529 0.021443 0.561557 0.025407 0.021023 0.005154
0.000087 0.035084 0.010506 0.474165 0.011299 0.009948 0.002588
0.000050 0.030292 0.008003 0.773871 0.010536 0.006673 0.002654
0.000440 0.124222 0.023662 0.463712 0.026013 0.023047 0.011645
0.000350 0.119179 0.021101 0.562722 0.024465 0.020224 0.018155
0.000032 0.020830 0.006425 0.689510 0.007622 0.005520 0.001896
0.000102 0.038479 0.011408 0.268148 0.011688 0.011260 0.001835
0.000111 0.039223 0.011909 0.273619 0.012200 0.011735 0.001924
0.000088 0.036763 0.010613 0.538175 0.011717 0.009876 0.002381
0.000113 0.047217 0.011995 0.650722 0.014576 0.011068 0.005262
0.000084 0.034357 0.010347 0.578979 0.011592 0.009452 0.002347
0.000117 0.042170 0.012225 0.530207 0.013460 0.011413 0.002106
0.000109 0.040342 0.011806 0.470555 0.012687 0.011194 0.002334
0.000089 0.040286 0.010675 0.637382 0.012803 0.009865 0.003025
0.000134 0.044708 0.013080 0.557713 0.014487 0.012025 0.003171
0.000118 0.040242 0.012239 0.503688 0.013234 0.011432 0.002229
0.000057 0.031761 0.008509 0.750567 0.010785 0.007127 0.001603
0.000048 0.028375 0.007806 0.869544 0.011266 0.005564 0.004899
0.000081 0.037099 0.010156 0.703597 0.012271 0.008720 0.003866
0.000096 0.051163 0.011075 0.630943 0.013327 0.010340 0.004315
0.000194 0.076223 0.015730 0.754829 0.020955 0.013745 0.005917
0.000106 0.040135 0.011613 0.470008 0.012441 0.010981 0.002226
0.000179 0.057829 0.015083 0.524125 0.016930 0.014419 0.003547
0.000081 0.034789 0.010152 0.493225 0.011181 0.009726 0.003063
0.000068 0.031143 0.009339 0.493996 0.010174 0.008846 0.002843
0.000102 0.048520 0.011397 0.675219 0.014778 0.010900 0.007323
0.000106 0.048380 0.011639 0.511741 0.013882 0.011926 0.006465
0.000089 0.036931 0.010647 0.561706 0.011959 0.009894 0.003172
0.000119 0.046672 0.012304 0.470867 0.013500 0.011910 0.003357
0.000071 0.035463 0.009525 0.664415 0.011324 0.008463 0.002555
0.000086 0.036832 0.010452 0.704476 0.012628 0.008962 0.004143
0.000065 0.032193 0.009108 0.676404 0.010910 0.008035 0.002761
0.000067 0.039991 0.009238 0.606594 0.011360 0.009032 0.002426
0.000078 0.042718 0.009968 0.504431 0.012060 0.010413 0.002978
0.000120 0.046032 0.012350 0.508856 0.013508 0.011629 0.002239
0.000053 0.027854 0.008179 0.479478 0.008883 0.007796 0.002402
0.000074 0.036257 0.009681 0.689835 0.011772 0.008523 0.003089
0.000098 0.040259 0.011158 0.491808 0.012198 0.010621 0.001593
0.000081 0.036053 0.010136 0.469944 0.010961 0.009676 0.001702
0.000073 0.034136 0.009660 0.669889 0.011378 0.008448 0.002859
0.000124 0.074724 0.012589 0.608520 0.016833 0.013357 0.003392
0.000115 0.042954 0.012122 0.595824 0.013795 0.011079 0.003724
0.000154 0.063327 0.013995 0.454619 0.015633 0.013924 0.005118
0.000134 0.045035 0.013086 0.535539 0.014358 0.012126 0.002053
0.000125 0.041107 0.012631 0.398766 0.013234 0.012136 0.001750
0.000106 0.043498 0.011616 0.422262 0.012526 0.011355 0.001646
0.000115 0.051469 0.012097 0.791599 0.016457 0.010056 0.008338
0.000046 0.026991 0.007638 0.729292 0.009590 0.006562 0.003342
0.000370 0.076539 0.021718 0.594496 0.024498 0.019699 0.007405
0.000326 0.102416 0.020373 0.646254 0.025551 0.019499 0.007659
0.000087 0.035084 0.010506 0.474165 0.011299 0.009948 0.002588
0.000050 0.030292 0.008003 0.773871 0.010536 0.006673 0.002654
0.000381 0.100473 0.022023 0.270844 0.023183 0.022317 0.007711
0.000301 0.122240 0.019588 0.727583 0.025024 0.017167 0.015107
0.000032 0.020830 0.006425 0.689510 0.007622 0.005520 0.001896
0.000102 0.038479 0.011408 0.268148 0.011688 0.011260 0.001835
0.000111 0.039223 0.011909 0.273619 0.012200 0.011735 0.001924
0.000088 0.036763 0.010613 0.538175 0.011717 0.009876 0.002381
0.000113 0.047217 0.011995 0.650722 0.014576 0.011068 0.005262
0.000084 0.034357 0.010347 0.578979 0.011592 0.009452 0.002347
0.000117 0.042170 0.012225 0.530207 0.013460 0.011413 0.002106
0.000109 0.040342 0.011806 0.470555 0.012687 0.011194 0.002334
0.000089 0.040286 0.010675 0.637382 0.012803 0.009865 0.003025
0.000134 0.044708 0.013080 0.557713 0.014487 0.012025 0.003171
0.000118 0.040242 0.012239 0.503688 0.013234 0.011432 0.002229
0.000057 0.031761 0.008509 0.750567 0.010785 0.007127 0.001603
0.000048 0.028375 0.007806 0.869544 0.011266 0.005564 0.004899
0.000081 0.037099 0.010156 0.703597 0.012271 0.008720 0.003866
0.000096 0.051163 0.011075 0.630943 0.013327 0.010340 0.004315
0.000183 0.077413 0.015250 0.670460 0.018979 0.014081 0.003088
0.000106 0.040135 0.011613 0.470008 0.012441 0.010981 0.002226
0.000174 0.055674 0.014904 0.442375 0.016244 0.014568 0.003117
0.000081 0.034789 0.010152 0.493225 0.011181 0.009726 0.003063
0.000068 0.031143 0.009339 0.493996 0.010174 0.008846 0.002843
0.000102 0.048520 0.011397 0.675219 0.014778 0.010900 0.007323
0.000106 0.048380 0.011639 0.511741 0.013882 0.011926 0.006465
0.000089 0.036931 0.010647 0.561706 0.011959 0.009894 0.003172
0.000119 0.046672 0.012304 0.470867 0.013500 0.011910 0.003357
0.000071 0.035463 0.009525 0.664415 0.011324 0.008463 0.002555
0.000086 0.036832 0.010452 0.704476 0.012628 0.008962 0.004143
0.000065 0.032193 0.009108 0.676404 0.010910 0.008035 0.002761
0.000067 0.039991 0.009238 0.606594 0.011360 0.009032 0.002426
0.000078 0.042718 0.009968 0.504431 0.012060 0.010413 0.002978
0.000120 0.046032 0.012350 0.508856 0.013508 0.011629 0.002239
0.000053 0.027854 0.008179 0.479478 0.008883 0.007796 0.002402
0.000074 0.036257 0.009681 0.689835 0.011772 0.008523 0.003089
0.000098 0.040259 0.011158 0.491808 0.012198 0.010621 0.001593
0.000081 0.036053 0.010136 0.469944 0.010961 0.009676 0.001702
0.000073 0.034136 0.009660 0.669889 0.011378 0.008448 0.002859
0.000115 0.068406 0.012075 0.510634 0.014952 0.012855 0.007967
0.000115 0.042954 0.012122 0.595824 0.013795 0.011079 0.003724
0.000154 0.063327 0.013995 0.454619 0.015633 0.013924 0.005118
0.000046 0.026991 0.007638 0.729292 0.009590 0.006562 0.003342
0.000361 0.073644 0.021441 0.579722 0.023976 0.019536 0.006891
0.000299 0.107871 0.019501 0.675842 0.025818 0.019029 0.010901
0.000087 0.035084 0.010506 0.474165 0.011299 0.009948 0.002588
0.000050 0.030292 0.008003 0.773871 0.010536 0.006673 0.002654
0.000352 0.089032 0.021174 0.424611 0.022827 0.020667 0.006095
0.000213 0.091323 0.016476 0.543766 0.019301 0.016198 0.012942
0.000032 0.020830 0.006425 0.689510 0.007622 0.005520 0.001896
0.000102 0.038479 0.011408 0.268148 0.011688 0.011260 0.001835
0.000111 0.039223 0.011909 0.273619 0.012200 0.011735 0.001924
0.000088 0.036763 0.010613 0.538175 0.011717 0.009876 0.002381
0.000113 0.047217 0.011995 0.650722 0.014576 0.011068 0.005262
0.000084 0.034357 0.010347 0.578979 0.011592 0.009452 0.002347
0.000116 0.041891 0.012171 0.507236 0.013292 0.011455 0.002131
0.000109 0.040342 0.011806 0.470555 0.012687 0.011194 0.002334
0.000089 0.040286 0.010675 0.637382 0.012803 0.009865 0.003025
0.000134 0.044708 0.013080 0.557713 0.014487 0.012025 0.003171
0.000120 0.040969 0.012352 0.533876 0.013503 0.011418 0.002410
0.000054 0.030545 0.008280 0.713063 0.010194 0.007147 0.001618
0.000046 0.027522 0.007673 0.858485 0.010864 0.005572 0.004535
0.000081 0.037099 0.010156 0.703597 0.012271 0.008720 0.003866
0.000096 0.051163 0.011075 0.630943 0.013327 0.010340 0.004315
0.000153 0.059158 0.013964 0.335342 0.015039 0.014169 0.000371
0.000106 0.040135 0.011613 0.470008 0.012441 0.010981 0.002226
0.000162 0.050505 0.014344 0.425424 0.015270 0.013820 0.001317
0.000081 0.034789 0.010152 0.493225 0.011181 0.009726 0.003063
0.000068 0.031143 0.009339 0.493996 0.010174 0.008846 0.002843
0.000093 0.043739 0.010906 0.429483 0.012333 0.011138 0.004551
0.000103 0.047516 0.011426 0.459678 0.013383 0.011885 0.006306
0.000089 0.036931 0.010647 0.561706 0.011959 0.009894 0.003172
0.000119 0.046377 0.012285 0.462621 0.013436 0.011912 0.003145
0.000071 0.035463 0.009525 0.664415 0.011324 0.008463 0.002555
0.000086 0.037280 0.010493 0.715332 0.012795 0.008941 0.004400
0.000065 0.032193 0.009108 0.676404 0.010910 0.008035 0.002761
0.000067 0.039991 0.009238 0.606594 0.011360 0.009032 0.002426
0.000080 0.043613 0.010080 0.435773 0.011957 0.010762 0.003074
0.000119 0.045752 0.012317 0.502624 0.013447 0.011625 0.001933
0.000053 0.027854 0.008179 0.479478 0.008883 0.007796 0.002402
0.000074 0.036257 0.009681 0.689835 0.011772 0.008523 0.003089
0.000098 0.040259 0.011158 0.491808 0.012198 0.010621 0.001593
0.000081 0.036053 0.010136 0.469944 0.010961 0.009676 0.001702
0.000073 0.034136 0.009660 0.669889 0.011378 0.008448 0.002859
0.000100 0.061477 0.011262 0.549816 0.014015 0.011706 0.007702
0.000115 0.042954 0.012122 0.595824 0.013795 0.011079 0.003724
0.000154 0.063327 0.013995 0.454619 0.015633 0.013924 0.005118
0.000134 0.045035 0.013086 0.535539 0.014358 0.012126 0.002053
0.000125 0.041107 0.012631 0.398766 0.013234 0.012136 0.001750
0.000106 0.043498 0.011616 0.422262 0.012526 0.011355 0.001646
0.000111 0.049105 0.011895 0.744926 0.015263 0.010183 0.006529
0.000046 0.026991 0.007638 0.729292 0.009590 0.006562 0.003342
0.000046 0.026991 0.007638 0.729292 0.009590 0.006562 0.003342
0.000361 0.073644 0.021441 0.579722 0.023976 0.019536 0.006891
0.000299 0.107871 0.019501 0.675842 0.025818 0.019029 0.010901
0.000087 0.035084 0.010506 0.474165 0.011299 0.009948 0.002588
0.000050 0.030292 0.008003 0.773871 0.010536 0.006673 0.002654
0.000352 0.089032 0.021174 0.424611 0.022827 0.020667 0.006095
0.000213 0.091323 0.016476 0.543766 0.019301 0.016198 0.012942
0.000032 0.020830 0.006425 0.689510 0.007622 0.005520 0.001896
0.000102 0.038479 0.011408 0.268148 0.011688 0.011260 0.001835
0.000111 0.039223 0.011909 0.273619 0.012200 0.011735 0.001924
0.000088 0.036763 0.010613 0.538175 0.011717 0.009876 0.002381
0.000113 0.047217 0.011995 0.650722 0.014576 0.011068 0.005262
0.000084 0.034357 0.010347 0.578979 0.011592 0.009452 0.002347
0.000116 0.041891 0.012171 0.507236 0.013292 0.011455 0.002131
0.000109 0.040342 0.011806 0.470555 0.012687 0.011194 0.002334
0.000089 0.040286 0.010675 0.637382 0.012803 0.009865 0.003025
0.000134 0.044708 0.013080 0.557713 0.014487 0.012025 0.003171
0.000120 0.040969 0.012352 0.533876 0.013503 0.011418 0.002410
0.000054 0.030545 0.008280 0.713063 0.010194 0.007147 0.001618
0.000046 0.027522 0.007673 0.858485 0.010864 0.005572 0.004535
0.000046 0.026991 0.007638 0.729292 0.009590 0.006562 0.003342
0.000046 0.026991 0.007638 0.729292 0.009590 0.006562 0.003342
0.000361 0.073644 0.021441 0.579722 0.023976 0.019536 0.006891
0.000299 0.107871 0.019501 0.675842 0.025818 0.019029 0.010901
0.000087 0.035084 0.010506 0.474165 0.011299 0.009948 0.002588
0.000050 0.030292 0.008003 0.773871 0.010536 0.006673 0.002654
0.000352 0.089032 0.021174 0.424611 0.022827 0.020667 0.006095
0.000213 0.091323 0.016476 0.543766 0.019301 0.016198 0.012942
0.000032 0.020830 0.006425 0.689510 0.007622 0.005520 0.001896
0.000102 0.038479 0.011408 0.268148 0.011688 0.011260 0.001835
0.000111 0.039223 0.011909 0.273619 0.012200 0.011735 0.001924
0.000046 0.026991 0.007638 0.729292 0.009590 0.006562 0.003342
0.000046 0.026991 0.007638 0.729292 0.009590 0.006562 0.003342
0.000046 0.026991 0.007638 0.729292 0.009590 0.006562 0.003342
0.000046 0.026991 0.007638 0.729292 0.009590 0.006562 0.003342
0.000046 0.026991 0.007638 0.729292 0.009590 0.006562 0.003342
0.000046 0.026991 0.007638 0.729292 0.009590 0.006562 0.003342
0.000046 0.026991 0.007638 0.729292 0.009590 0.006562 0.003342
0.000046 0.026991 0.007638 0.729292 0.009590 0.006562 0.003342
0.000046 0.026991 0.007638 0.729292 0.009590 0.006562 0.003342
0.000046 0.026991 0.007638 0.729292 0.009590 0.006562 0.003342
0.000046 0.026991 0.007638 0.729292 0.009590 0.006562 0.003342
0.000046 0.026991 0.007638 0.729292 0.009590 0.006562 0.003342
0.000046 0.026991 0.007638 0.729292 0.009590 0.006562 0.003342
0.000046 0.026991 0.007638 0.729292 0.009590 0.006562 0.003342
0.000046 0.026991 0.007638 0.729292 0.009590 0.006562 0.003342
0.000046 0.026991 0.007638 0.729292 0.009590 0.006562 0.003342
0.000046 0.026991 0.007638 0.729292 0.009590 0.006562 0.003342
0.000050 0.030292 0.008003 0.773871 0.010536 0.006673 0.002654
0.000046 0.026991 0.007638 0.729292 0.009590 0.006562 0.003342
0.000361 0.073644 0.021441 0.579722 0.023976 0.019536 0.006891
0.000299 0.107871 0.019501 0.675842 0.025818 0.019029 0.010901
0.000087 0.035084 0.010506 0.474165 0.011299 0.009948 0.002588
0.000050 0.030292 0.008003 0.773871 0.010536 0.006673 0.002654
0.000352 0.089032 0.021174 0.424611 0.022827 0.020667 0.006095
0.000213 0.091323 0.016476 0.543766 0.019301 0.016198 0.012942
0.000032 0.020830 0.006425 0.689510 0.007622 0.005520 0.001896
0.000361 0.073644 0.021441 0.579722 0.023976 0.019536 0.006891
0.000361 0.073644 0.021441 0.579722 0.023976 0.019536 0.006891
0.000361 0.073644 0.021441 0.579722 0.023976 0.019536 0.006891
0.000361 0.073644 0.021441 0.579722 0.023976 0.019536 0.006891
0.000361 0.073644 0.021441 0.579722 0.023976 0.019536 0.006891
0.000361 0.073644 0.021441 0.579722 0.023976 0.019536 0.006891
0.000046 0.026991 0.007638 0.729292 0.009590 0.006562 0.003342
0.000361 0.073644 0.021441 0.579722 0.023976 0.019536 0.006891
0.000299 0.107871 0.019501 0.675842 0.025818 0.019029 0.010901
0.000087 0.035084 0.010506 0.474165 0.011299 0.009948 0.002588
0.000050 0.030292 0.008003 0.773871 0.010536 0.006673 0.002654
0.000352 0.089032 0.021174 0.424611 0.022827 0.020667 0.006095
0.000213 0.091323 0.016476 0.543766 0.019301 0.016198 0.012942
0.000032 0.020830 0.006425 0.689510 0.007622 0.005520 0.001896
0.000102 0.038479 0.011408 0.268148 0.011688 0.011260 0.001835
0.000111 0.039223 0.011909 0.273619 0.012200 0.011735 0.001924
0.000088 0.036763 0.010613 0.538175 0.011717 0.009876 0.002381
0.000046 0.026991 0.007638 0.729292 0.009590 0.006562 0.003342
0.000046 0.026991 0.007638 0.729292 0.009590 0.006562 0.003342
0.000361 0.073644 0.021441 0.579722 0.023976 0.019536 0.006891
0.000299 0.107871 0.019501 0.675842 0.025818 0.019029 0.010901
0.000087 0.035084 0.010506 0.474165 0.011299 0.009948 0.002588
0.000046 0.026991 0.007638 0.729292 0.009590 0.006562 0.003342
0.000361 0.073644 0.021441 0.579722 0.023976 0.019536 0.006891
0.000299 0.107871 0.019501 0.675842 0.025818 0.019029 0.010901
0.000087 0.035084 0.010506 0.474165 0.011299 0.009948 0.002588
0.000050 0.030292 0.008003 0.773871 0.010536 0.006673 0.002654
0.000352 0.089032 0.021174 0.424611 0.022827 0.020667 0.006095
0.000213 0.091323 0.016476 0.543766 0.019301 0.016198 0.012942
0.000032 0.020830 0.006425 0.689510 0.007622 0.005520 0.001896
0.000102 0.038479 0.011408 0.268148 0.011688 0.011260 0.001835
0.000111 0.039223 0.011909 0.273619 0.012200 0.011735 0.001924
0.000088 0.036763 0.010613 0.538175 0.011717 0.009876 0.002381
0.000113 0.047217 0.011995 0.650722 0.014576 0.011068 0.005262
0.000084 0.034357 0.010347 0.578979 0.011592 0.009452 0.002347
0.000116 0.041891 0.012171 0.507236 0.013292 0.011455 0.002131
0.000046 0.026991 0.007638 0.729292 0.009590 0.006562 0.003342
0.000361 0.073644 0.021441 0.579722 0.023976 0.019536 0.006891
0.000299 0.107871 0.019501 0.675842 0.025818 0.019029 0.010901
0.000087 0.035084 0.010506 0.474165 0.011299 0.009948 0.002588
0.000050 0.030292 0.008003 0.773871 0.010536 0.006673 0.002654
0.000352 0.089032 0.021174 0.424611 0.022827 0.020667 0.006095
0.000213 0.091323 0.016476 0.543766 0.019301 0.016198 0.012942
0.000032 0.020830 0.006425 0.689510 0.007622 0.005520 0.001896
0.000046 0.026991 0.007638 0.729292 0.009590 0.006562 0.003342
0.000046 0.026991 0.007638 0.729292 0.009590 0.006562 0.003342
0.000361 0.073644 0.021441 0.579722 0.023976 0.019536 0.006891
0.000299 0.107871 0.019501 0.675842 0.025818 0.019029 0.010901
0.000087 0.035084 0.010506 0.474165 0.011299 0.009948 0.002588
0.000046 0.026991 0.007638 0.729292 0.009590 0.006562 0.003342
0.000361 0.073644 0.021441 0.579722 0.023976 0.019536 0.006891
0.000299 0.107871 0.019501 0.675842 0.025818 0.019029 0.010901
0.000087 0.035084 0.010506 0.474165 0.011299 0.009948 0.002588
0.000050 0.030292 0.008003 0.773871 0.010536 0.006673 0.002654
0.000046 0.026991 0.007638 0.729292 0.009590 0.006562 0.003342
0.000361 0.073644 0.021441 0.579722 0.023976 0.019536 0.006891
0.000299 0.107871 0.019501 0.675842 0.025818 0.019029 0.010901
0.000046 0.026991 0.007638 0.729292 0.009590 0.006562 0.003342
0.000361 0.073644 0.021441 0.579722 0.023976 0.019536 0.006891
0.000299 0.107871 0.019501 0.675842 0.025818 0.019029 0.010901
0.000087 0.035084 0.010506 0.474165 0.011299 0.009948 0.002588
0.000050 0.030292 0.008003 0.773871 0.010536 0.006673 0.002654
0.000352 0.089032 0.021174 0.424611 0.022827 0.020667 0.006095
0.000213 0.091323 0.016476 0.543766 0.019301 0.016198 0.012942
0.000032 0.020830 0.006425 0.689510 0.007622 0.005520 0.001896
0.000102 0.038479 0.011408 0.268148 0.011688 0.011260 0.001835
0.000111 0.039223 0.011909 0.273619 0.012200 0.011735 0.001924
0.000088 0.036763 0.010613 0.538175 0.011717 0.009876 0.002381
0.000113 0.047217 0.011995 0.650722 0.014576 0.011068 0.005262
0.000084 0.034357 0.010347 0.578979 0.011592 0.009452 0.002347
0.000046 0.026991 0.007638 0.729292 0.009590 0.006562 0.003342
0.000361 0.073644 0.021441 0.579722 0.023976 0.019536 0.006891
0.000299 0.107871 0.019501 0.675842 0.025818 0.019029 0.010901
0.000087 0.035084 0.010506 0.474165 0.011299 0.009948 0.002588
0.000050 0.030292 0.008003 0.773871 0.010536 0.006673 0.002654
0.000352 0.089032 0.021174 0.424611 0.022827 0.020667 0.006095
0.000213 0.091323 0.016476 0.543766 0.019301 0.016198 0.012942
0.000046 0.026991 0.007638 0.729292 0.009590 0.006562 0.003342
0.000361 0.073644 0.021441 0.579722 0.023976 0.019536 0.006891
0.000299 0.107871 0.019501 0.675842 0.025818 0.019029 0.010901
0.000087 0.035084 0.010506 0.474165 0.011299 0.009948 0.002588
0.000050 0.030292 0.008003 0.773871 0.010536 0.006673 0.002654
0.000352 0.089032 0.021174 0.424611 0.022827 0.020667 0.006095
0.000213 0.091323 0.016476 0.543766 0.019301 0.016198 0.012942
0.000032 0.020830 0.006425 0.689510 0.007622 0.005520 0.001896
0.000102 0.038479 0.011408 0.268148 0.011688 0.011260 0.001835
0.000111 0.039223 0.011909 0.273619 0.012200 0.011735 0.001924
0.000088 0.036763 0.010613 0.538175 0.011717 0.009876 0.002381
0.000113 0.047217 0.011995 0.650722 0.014576 0.011068 0.005262
0.000084 0.034357 0.010347 0.578979 0.011592 0.009452 0.002347
0.000116 0.041891 0.012171 0.507236 0.013292 0.011455 0.002131
0.000046 0.026991 0.007638 0.729292 0.009590 0.006562 0.003342
0.000046 0.026991 0.007638 0.729292 0.009590 0.006562 0.003342
0.000361 0.073644 0.021441 0.579722 0.023976 0.019536 0.006891
0.000046 0.026991 0.007638 0.729292 0.009590 0.006562 0.003342
0.000361 0.073644 0.021441 0.579722 0.023976 0.019536 0.006891
0.000299 0.107871 0.019501 0.675842 0.025818 0.019029 0.010901
0.000087 0.035084 0.010506 0.474165 0.011299 0.009948 0.002588
0.000050 0.030292 0.008003 0.773871 0.010536 0.006673 0.002654
0.000352 0.089032 0.021174 0.424611 0.022827 0.020667 0.006095
0.000213 0.091323 0.016476 0.543766 0.019301 0.016198 0.012942
0.000032 0.020830 0.006425 0.689510 0.007622 0.005520 0.001896
0.000102 0.038479 0.011408 0.268148 0.011688 0.011260 0.001835
0.000352 0.089032 0.021174 0.424611 0.022827 0.020667 0.006095
0.000213 0.091323 0.016476 0.543766 0.019301 0.016198 0.012942
0.000032 0.020830 0.006425 0.689510 0.007622 0.005520 0.001896
0.000032 0.020830 0.006425 0.689510 0.007622 0.005520 0.001896
0.000032 0.020830 0.006425 0.689510 0.007622 0.005520 0.001896
0.000032 0.020830 0.006425 0.689510 0.007622 0.005520 0.001896
0.000032 0.020830 0.006425 0.689510 0.007622 0.005520 0.001896
0.000032 0.020830 0.006425 0.689510 0.007622 0.005520 0.001896
0.000032 0.020830 0.006425 0.689510 0.007622 0.005520 0.001896
0.000046 0.026991 0.007638 0.729292 0.009590 0.006562 0.003342
0.000361 0.073644 0.021441 0.579722 0.023976 0.019536 0.006891
0.000299 0.107871 0.019501 0.675842 0.025818 0.019029 0.010901
0.000087 0.035084 0.010506 0.474165 0.011299 0.009948 0.002588
0.000046 0.026991 0.007638 0.729292 0.009590 0.006562 0.003342
0.000046 0.026991 0.007638 0.729292 0.009590 0.006562 0.003342
0.000361 0.073644 0.021441 0.579722 0.023976 0.019536 0.006891
0.000046 0.026991 0.007638 0.729292 0.009590 0.006562 0.003342
0.000046 0.026991 0.007638 0.729292 0.009590 0.006562 0.003342
0.000046 0.026991 0.007638 0.729292 0.009590 0.006562 0.003342
0.000361 0.073644 0.021441 0.579722 0.023976 0.019536 0.006891
0.000299 0.107871 0.019501 0.675842 0.025818 0.019029 0.010901
0.000046 0.026991 0.007638 0.729292 0.009590 0.006562 0.003342
0.000361 0.073644 0.021441 0.579722 0.023976 0.019536 0.006891
0.000299 0.107871 0.019501 0.675842 0.025818 0.019029 0.010901
0.000087 0.035084 0.010506 0.474165 0.011299 0.009948 0.002588
0.000050 0.030292 0.008003 0.773871 0.010536 0.006673 0.002654
0.000352 0.089032 0.021174 0.424611 0.022827 0.020667 0.006095
0.000046 0.026991 0.007638 0.729292 0.009590 0.006562 0.003342
0.000361 0.073644 0.021441 0.579722 0.023976 0.019536 0.006891
0.000046 0.026991 0.007638 0.729292 0.009590 0.006562 0.003342
0.000361 0.073644 0.021441 0.579722 0.023976 0.019536 0.006891
0.000299 0.107871 0.019501 0.675842 0.025818 0.019029 0.010901
0.000087 0.035084 0.010506 0.474165 0.011299 0.009948 0.002588
0.000050 0.030292 0.008003 0.773871 0.010536 0.006673 0.002654
0.000352 0.089032 0.021174 0.424611 0.022827 0.020667 0.006095
0.000213 0.091323 0.016476 0.543766 0.019301 0.016198 0.012942
0.000032 0.020830 0.006425 0.689510 0.007622 0.005520 0.001896
0.000102 0.038479 0.011408 0.268148 0.011688 0.011260 0.001835
0.000111 0.039223 0.011909 0.273619 0.012200 0.011735 0.001924
0.000088 0.036763 0.010613 0.538175 0.011717 0.009876 0.002381
0.000113 0.047217 0.011995 0.650722 0.014576 0.011068 0.005262
0.000084 0.034357 0.010347 0.578979 0.011592 0.009452 0.002347
0.000116 0.041891 0.012171 0.507236 0.013292 0.011455 0.002131
0.000046 0.026991 0.007638 0.729292 0.009590 0.006562 0.003342
0.000361 0.073644 0.021441 0.579722 0.023976 0.019536 0.006891
0.000299 0.107871 0.019501 0.675842 0.025818 0.019029 0.010901
0.000087 0.035084 0.010506 0.474165 0.011299 0.009948 0.002588
0.000050 0.030292 0.008003 0.773871 0.010536 0.006673 0.002654
0.000352 0.089032 0.021174 0.424611 0.022827 0.020667 0.006095
0.000213 0.091323 0.016476 0.543766 0.019301 0.016198 0.012942
0.000032 0.020830 0.006425 0.689510 0.007622 0.005520 0.001896
0.000102 0.038479 0.011408 0.268148 0.011688 0.011260 0.001835
0.000111 0.039223 0.011909 0.273619 0.012200 0.011735 0.001924
0.000046 0.026991 0.007638 0.729292 0.009590 0.006562 0.003342
0.000361 0.073644 0.021441 0.579722 0.023976 0.019536 0.006891
0.000299 0.107871 0.019501 0.675842 0.025818 0.019029 0.010901
0.000087 0.035084 0.010506 0.474165 0.011299 0.009948 0.002588
0.000046 0.026991 0.007638 0.729292 0.009590 0.006562 0.003342
0.000361 0.073644 0.021441 0.579722 0.023976 0.019536 0.006891
0.000299 0.107871 0.019501 0.675842 0.025818 0.019029 0.010901
0.000046 0.026991 0.007638 0.729292 0.009590 0.006562 0.003342
0.000361 0.073644 0.021441 0.579722 0.023976 0.019536 0.006891
0.000299 0.107871 0.019501 0.675842 0.025818 0.019029 0.010901
0.000087 0.035084 0.010506 0.474165 0.011299 0.009948 0.002588
0.000046 0.026991 0.007638 0.729292 0.009590 0.006562 0.003342
0.000361 0.073644 0.021441 0.579722 0.023976 0.019536 0.006891
0.000299 0.107871 0.019501 0.675842 0.025818 0.019029 0.010901
0.000087 0.035084 0.010506 0.474165 0.011299 0.009948 0.002588
0.000050 0.030292 0.008003 0.773871 0.010536 0.006673 0.002654
0.000046 0.026991 0.007638 0.729292 0.009590 0.006562 0.003342
0.000361 0.073644 0.021441 0.579722 0.023976 0.019536 0.006891
0.000299 0.107871 0.019501 0.675842 0.025818 0.019029 0.010901
0.000046 0.026991 0.007638 0.729292 0.009590 0.006562 0.003342
0.000028 0.020925 0.005936 0.775714 0.007674 0.004843 0.001531
0.000082 0.044489 0.010198 0.647078 0.012099 0.009225 0.006703
0.000087 0.045988 0.010547 0.683219 0.012840 0.009376 0.004295
0.000102 0.037189 0.011391 0.502480 0.012340 0.010669 0.002052
0.000053 0.027854 0.008179 0.479478 0.008883 0.007796 0.002402
0.000434 0.079877 0.023497 0.501585 0.025454 0.022021 0.006844
0.000137 0.058038 0.013194 0.653991 0.016267 0.012306 0.006439
0.000087 0.034520 0.010506 0.601863 0.011791 0.009416 0.002463
0.000089 0.040492 0.010647 0.571140 0.012106 0.009937 0.002248
0.000084 0.034357 0.010347 0.578979 0.011592 0.009452 0.002347
0.000109 0.040342 0.011806 0.470555 0.012687 0.011194 0.002334
0.000089 0.040286 0.010675 0.637382 0.012803 0.009865 0.003025
0.000100 0.040384 0.011288 0.629151 0.013130 0.010206 0.003959
0.000106 0.042582 0.011590 0.389654 0.012353 0.011377 0.002499
0.000046 0.027522 0.007673 0.858485 0.010864 0.005572 0.004535
0.000150 0.053971 0.013821 0.587259 0.015650 0.012667 0.001117
0.000046 0.026991 0.007638 0.729292 0.009590 0.006562 0.003342
0.000028 0.020925 0.005936 0.775714 0.007674 0.004843 0.001531
0.000082 0.044489 0.010198 0.647078 0.012099 0.009225 0.006703
0.000087 0.045988 0.010547 0.683219 0.012840 0.009376 0.004295
0.000102 0.037189 0.011391 0.502480 0.012340 0.010669 0.002052
0.000053 0.027854 0.008179 0.479478 0.008883 0.007796 0.002402
0.000434 0.079877 0.023497 0.501585 0.025454 0.022021 0.006844
0.000137 0.058038 0.013194 0.653991 0.016267 0.012306 0.006439
0.000087 0.034520 0.010506 0.601863 0.011791 0.009416 0.002463
0.000089 0.040492 0.010647 0.571140 0.012106 0.009937 0.002248
0.000084 0.034357 0.010347 0.578979 0.011592 0.009452 0.002347
0.000109 0.040342 0.011806 0.470555 0.012687 0.011194 0.002334
0.000089 0.040286 0.010675 0.637382 0.012803 0.009865 0.003025
0.000100 0.040384 0.011288 0.629151 0.013130 0.010206 0.003959
0.000106 0.042582 0.011590 0.389654 0.012353 0.011377 0.002499
0.000046 0.027522 0.007673 0.858485 0.010864 0.005572 0.004535
0.000150 0.053971 0.013821 0.587259 0.015650 0.012667 0.001117
0.000046 0.026991 0.007638 0.729292 0.009590 0.006562 0.003342
0.000028 0.020925 0.005936 0.775714 0.007674 0.004843 0.001531
0.000082 0.044489 0.010198 0.647078 0.012099 0.009225 0.006703
0.000087 0.045988 0.010547 0.683219 0.012840 0.009376 0.004295
0.000102 0.037189 0.011391 0.502480 0.012340 0.010669 0.002052
0.000053 0.027854 0.008179 0.479478 0.008883 0.007796 0.002402
0.000434 0.079877 0.023497 0.501585 0.025454 0.022021 0.006844
0.000137 0.058038 0.013194 0.653991 0.016267 0.012306 0.006439
0.000087 0.034520 0.010506 0.601863 0.011791 0.009416 0.002463
0.000089 0.040492 0.010647 0.571140 0.012106 0.009937 0.002248
0.000084 0.034357 0.010347 0.578979 0.011592 0.009452 0.002347
0.000109 0.040342 0.011806 0.470555 0.012687 0.011194 0.002334
0.000089 0.040286 0.010675 0.637382 0.012803 0.009865 0.003025
0.000100 0.040384 0.011288 0.629151 0.013130 0.010206 0.003959
0.000106 0.042582 0.011590 0.389654 0.012353 0.011377 0.002499
0.000046 0.027522 0.007673 0.858485 0.010864 0.005572 0.004535
0.000150 0.053971 0.013821 0.587259 0.015650 0.012667 0.001117
0.000123 0.043989 0.012539 0.392632 0.013217 0.012156 0.001674
0.000083 0.035826 0.010266 0.540583 0.011355 0.009553 0.002707
0.000079 0.034093 0.010017 0.339988 0.010573 0.009943 0.002525
0.000106 0.040135 0.011613 0.470008 0.012441 0.010981 0.002226
0.000162 0.050505 0.014344 0.425424 0.015270 0.013820 0.001317
0.000076 0.033489 0.009837 0.675012 0.011603 0.008561 0.003316
0.000100 0.037907 0.011265 0.470336 0.012171 0.010740 0.003484
0.000093 0.043739 0.010906 0.429483 0.012333 0.011138 0.004551
0.000103 0.047516 0.011426 0.459678 0.013383 0.011885 0.006306
0.000091 0.038184 0.010737 0.615943 0.012393 0.009763 0.004149
0.000101 0.037932 0.011353 0.508357 0.012362 0.010646 0.002963
0.000089 0.036931 0.010647 0.561706 0.011959 0.009894 0.003172
0.000119 0.046377 0.012285 0.462621 0.013436 0.011912 0.003145
0.000063 0.030694 0.008950 0.409964 0.009534 0.008696 0.001783
0.000057 0.027563 0.008494 0.405727 0.008952 0.008182 0.001451
0.000067 0.030456 0.009224 0.307698 0.009523 0.009061 0.001536
0.000071 0.035463 0.009525 0.664415 0.011324 0.008463 0.002555
0.000086 0.037280 0.010493 0.715332 0.012795 0.008941 0.004400
0.000108 0.040975 0.011721 0.730091 0.014305 0.009776 0.004798
0.000105 0.036967 0.011541 0.373523 0.012027 0.011157 0.001129
0.000080 0.043613 0.010080 0.435773 0.011957 0.010762 0.003074
0.000119 0.045752 0.012317 0.502624 0.013447 0.011625 0.001933
0.000131 0.046942 0.012896 0.560677 0.014492 0.012000 0.003443
0.000080 0.039897 0.010074 0.537015 0.011489 0.009692 0.001041
0.000073 0.038805 0.009608 0.444451 0.010566 0.009465 0.004820
0.000081 0.036053 0.010136 0.469944 0.010961 0.009676 0.001702
0.000073 0.034136 0.009660 0.669889 0.011378 0.008448 0.002859
0.000131 0.044808 0.012917 0.636766 0.014834 0.011438 0.002951
0.000154 0.063327 0.013995 0.454619 0.015633 0.013924 0.005118
0.000134 0.045035 0.013086 0.535539 0.014358 0.012126 0.002053
0.000125 0.041107 0.012631 0.398766 0.013234 0.012136 0.001750
0.000106 0.043498 0.011616 0.422262 0.012526 0.011355 0.001646
0.000111 0.049105 0.011895 0.744926 0.015263 0.010183 0.006529
0.000116 0.040003 0.012130 0.335888 0.012626 0.011892 0.003036
0.000130 0.046251 0.012871 0.538410 0.014263 0.012019 0.003241
0.000060 0.029538 0.008733 0.694299 0.010465 0.007531 0.002782
0.000081 0.035262 0.010159 0.515436 0.011316 0.009697 0.003408
0.000103 0.037656 0.011426 0.574661 0.012669 0.010368 0.002665
0.000098 0.038549 0.011164 0.454385 0.012031 0.010717 0.003462
0.000089 0.043065 0.010628 0.664819 0.012997 0.009709 0.004050
0.000080 0.035409 0.010064 0.417976 0.010904 0.009905 0.002634
0.000084 0.034357 0.010347 0.578979 0.011592 0.009452 0.002347
0.000046 0.026991 0.007638 0.729292 0.009590 0.006562 0.003342
0.000028 0.020925 0.005936 0.775714 0.007674 0.004843 0.001531
0.000082 0.044489 0.010198 0.647078 0.012099 0.009225 0.006703
0.000087 0.045988 0.010547 0.683219 0.012840 0.009376 0.004295
0.000102 0.037189 0.011391 0.502480 0.012340 0.010669 0.002052
0.000053 0.027854 0.008179 0.479478 0.008883 0.007796 0.002402
0.000434 0.079877 0.023497 0.501585 0.025454 0.022021 0.006844
0.000137 0.058038 0.013194 0.653991 0.016267 0.012306 0.006439
0.000087 0.034520 0.010506 0.601863 0.011791 0.009416 0.002463
0.000089 0.040492 0.010647 0.571140 0.012106 0.009937 0.002248
0.000084 0.034357 0.010347 0.578979 0.011592 0.009452 0.002347
0.000109 0.040342 0.011806 0.470555 0.012687 0.011194 0.002334
0.000089 0.040286 0.010675 0.637382 0.012803 0.009865 0.003025
0.000100 0.040384 0.011288 0.629151 0.013130 0.010206 0.003959
0.000106 0.042582 0.011590 0.389654 0.012353 0.011377 0.002499
0.000046 0.027522 0.007673 0.858485 0.010864 0.005572 0.004535
0.000150 0.053971 0.013821 0.587259 0.015650 0.012667 0.001117
0.000123 0.043989 0.012539 0.392632 0.013217 0.012156 0.001674
0.000083 0.035826 0.010266 0.540583 0.011355 0.009553 0.002707
0.000079 0.034093 0.010017 0.339988 0.010573 0.009943 0.002525
0.000106 0.040135 0.011613 0.470008 0.012441 0.010981 0.002226
0.000162 0.050505 0.014344 0.425424 0.015270 0.013820 0.001317
0.000076 0.033489 0.009837 0.675012 0.011603 0.008561 0.003316
0.000100 0.037907 0.011265 0.470336 0.012171 0.010740 0.003484
0.000093 0.043739 0.010906 0.429483 0.012333 0.011138 0.004551
0.000103 0.047516 0.011426 0.459678 0.013383 0.011885 0.006306
0.000091 0.038184 0.010737 0.615943 0.012393 0.009763 0.004149
0.000101 0.037932 0.011353 0.508357 0.012362 0.010646 0.002963
0.000089 0.036931 0.010647 0.561706 0.011959 0.009894 0.003172
0.000119 0.046377 0.012285 0.462621 0.013436 0.011912 0.003145
0.000063 0.030694 0.008950 0.409964 0.009534 0.008696 0.001783
0.000057 0.027563 0.008494 0.405727 0.008952 0.008182 0.001451
0.000067 0.030456 0.009224 0.307698 0.009523 0.009061 0.001536
0.000071 0.035463 0.009525 0.664415 0.011324 0.008463 0.002555
0.000086 0.037280 0.010493 0.715332 0.012795 0.008941 0.004400
0.000108 0.040975 0.011721 0.730091 0.014305 0.009776 0.004798
0.000105 0.036967 0.011541 0.373523 0.012027 0.011157 0.001129
0.000080 0.043613 0.010080 0.435773 0.011957 0.010762 0.003074
0.000119 0.045752 0.012317 0.502624 0.013447 0.011625 0.001933
0.000131 0.046942 0.012896 0.560677 0.014492 0.012000 0.003443
0.000080 0.039897 0.010074 0.537015 0.011489 0.009692 0.001041
0.000073 0.038805 0.009608 0.444451 0.010566 0.009465 0.004820
0.000081 0.036053 0.010136 0.469944 0.010961 0.009676 0.001702
0.000073 0.034136 0.009660 0.669889 0.011378 0.008448 0.002859
0.000131 0.044808 0.012917 0.636766 0.014834 0.011438 0.002951
0.000154 0.063327 0.013995 0.454619 0.015633 0.013924 0.005118
0.000134 0.045035 0.013086 0.535539 0.014358 0.012126 0.002053
0.000125 0.041107 0.012631 0.398766 0.013234 0.012136 0.001750
0.000106 0.043498 0.011616 0.422262 0.012526 0.011355 0.001646
0.000111 0.049105 0.011895 0.744926 0.015263 0.010183 0.006529
0.000116 0.040003 0.012130 0.335888 0.012626 0.011892 0.003036
0.000130 0.046251 0.012871 0.538410 0.014263 0.012019 0.003241
0.000060 0.029538 0.008733 0.694299 0.010465 0.007531 0.002782
0.000081 0.035262 0.010159 0.515436 0.011316 0.009697 0.003408
0.000103 0.037656 0.011426 0.574661 0.012669 0.010368 0.002665
0.000098 0.038549 0.011164 0.454385 0.012031 0.010717 0.003462
0.000089 0.043065 0.010628 0.664819 0.012997 0.009709 0.004050
0.000080 0.035409 0.010064 0.417976 0.010904 0.009905 0.002634
0.000084 0.034357 0.010347 0.578979 0.011592 0.009452 0.002347
