0.870300 0.939759 0.575400 0.755413 0.817872 1.152085  0.709906 1.740849 0.224391 0.756396 0.923077 0.773368 0.758836
0.929798 0.963407 0.444510 0.818652 0.895774 1.135767  0.788695 2.023351 0.205419 0.839156 0.951352 0.848892 0.822522
0.877624 0.912794 0.598545 0.846367 0.801089 1.036930  0.772559 1.642671 0.133352 0.812351 0.941176 0.775990 0.793573
0.985310 0.998627 0.178404 0.929733 0.983957 1.059778  0.928456 1.720376 0.097949 0.898018 1.000000 0.942414 0.922734
0.924222 0.957293 0.466063 0.873126 0.884751 1.058520  0.835838 1.758960 0.132386 0.842619 0.904844 0.808695 0.849163
0.947776 0.997569 0.325701 0.779021 0.945473 1.216626  0.777127 1.802477 0.158854 0.830086 0.982354 0.865843 0.845202
0.853390 0.898477 0.641944 0.824923 0.766752 1.034509  0.741175 1.781200 0.162751 0.772585 0.830595 0.745876 0.772231
0.921598 0.946630 0.488771 0.871900 0.872412 1.057000  0.825367 1.808104 0.114307 0.825562 0.877551 0.767372 0.813241
0.826702 0.864161 0.699733 0.825510 0.714404 1.001445  0.713374 1.723674 0.158416 0.800008 0.788944 0.745155 0.801253
0.938553 0.959732 0.434319 0.787096 0.900759 1.192425  0.755401 2.165041 0.160105 0.860162 0.960448 0.812166 0.830044
