509.413896 585.331679 478.726454 2118.538835 114.307651 519.169667 671.309799 193.242910 337.757796  38.535728
1011.913193 1088.315207 974.884532 3883.237864 207.865935 1044.355232 1230.256400 438.073887 622.102716  -7.679784
458.351748 522.264412 418.380500 1701.334951 61.122063 448.196079 577.579861 190.809483 289.142627  -29.768758
641.086187 650.643988 640.205888 2166.247573 62.793452 654.759302 694.768509 285.171795 353.619561  34.533632
627.892827 679.374489 601.077503 2259.218447 83.124507 597.970084 739.425557 264.663293 372.762003  -77.247706
611.111116 644.784068 609.625779 2464.456311 97.077739 626.035223 723.035877 249.302014 361.809244  -21.830143
549.206515 643.558277 493.449505 2091.567961 89.383931 530.463482 711.194938 215.271689 360.657155  10.171918
331.822689 360.051360 314.113235 1195.609223 37.929647 313.106796 408.025049 141.211296 207.190585  5.958288
491.335171 594.331403 424.592932 1869.844660 77.835516 456.934998 613.208149 196.626066 307.222137  15.052262
1299.950673 1385.058536 1247.604086 5188.587379 208.128888 1271.951537 1566.121785 579.416843 783.124155  38.740576
