0.902897 0.919909 0.556894 0.921310 0.830583 0.980014  0.847521 1.699796 0.101636 0.861004 0.904762 0.831612 0.876204
0.935129 0.942168 0.473026 0.934022 0.881049 1.001185  0.880005 1.715402 0.064530 0.890042 0.909498 0.858302 0.904177
0.918627 0.941760 0.501554 0.920257 0.865127 0.998230  0.866661 1.638996 0.098421 0.855610 0.900000 0.802734 0.844803
0.960016 0.970985 0.362044 0.952409 0.932161 1.007987  0.924775 1.761669 0.071359 0.907875 0.961538 0.880929 0.916766
0.926014 0.949645 0.476112 0.874909 0.879385 1.058411  0.830854 1.819386 0.131629 0.865145 0.905660 0.830830 0.873892
0.922151 0.941721 0.495849 0.911475 0.868409 1.011712  0.858356 1.815525 0.119609 0.860476 0.980769 0.807606 0.837077
0.925740 0.943841 0.486372 0.947655 0.873752 0.976875  0.894435 1.800978 0.090381 0.882572 0.887571 0.829972 0.872975
0.874734 0.893387 0.623936 0.890339 0.781476 0.982473  0.795417 1.776797 0.122841 0.847998 0.841447 0.787270 0.832995
0.913487 0.924557 0.535445 0.965951 0.844570 0.945686  0.893076 1.755191 0.087242 0.895607 0.867925 0.830893 0.890057
0.912514 0.936123 0.519904 0.909889 0.854225 1.002885  0.851768 1.777442 0.094411 0.857435 0.818182 0.792907 0.863218
0.929571 0.946062 0.476024 0.929299 0.879432 1.000293  0.879175 1.785582 0.086341 0.883108 0.911170 0.864007 0.890309
0.916864 0.923094 0.532625 0.973467 0.846351 0.941854  0.898602 1.779221 0.076517 0.889419 0.875000 0.813862 0.888604
0.912109 0.928691 0.531486 0.876616 0.847067 1.040489  0.814105 1.773735 0.120240 0.851657 0.804242 0.770054 0.846381
0.907101 0.928617 0.538932 0.875431 0.842349 1.036177  0.812939 1.806422 0.120421 0.856608 0.833333 0.750733 0.841445
0.915595 0.941751 0.506461 0.916128 0.862263 0.999419  0.862764 1.775146 0.085056 0.863282 0.899916 0.848370 0.872275
0.932902 0.937952 0.484090 0.957775 0.875018 0.974031  0.898347 1.711981 0.065880 0.900238 0.956522 0.858019 0.898020
0.870945 0.911144 0.608497 0.916952 0.793557 0.949827  0.835475 1.745108 0.104274 0.823012 0.990957 0.730043 0.775656
0.952306 0.959951 0.405339 0.926644 0.914166 1.027693  0.889532 1.804216 0.086173 0.912730 0.963636 0.899666 0.927761
0.843683 0.853063 0.694270 0.913453 0.719715 0.923620  0.779233 1.820702 0.131101 0.814749 0.718750 0.708370 0.822213
0.966183 0.979220 0.323859 0.958440 0.946105 1.008079  0.938524 1.707686 0.056132 0.895338 0.938462 0.886471 0.905734
0.919181 0.946202 0.493527 0.898020 0.869731 1.023563  0.849709 1.727784 0.117945 0.865151 0.898551 0.855539 0.897705
0.964258 0.975380 0.339744 0.936293 0.940518 1.029868  0.913241 1.732489 0.086520 0.896837 1.000000 0.920155 0.920700
0.990448 0.995402 0.167373 0.939025 0.985894 1.054762  0.934707 1.773170 0.046240 0.933665 0.977490 0.955261 0.956046
0.925968 0.943341 0.486818 0.909734 0.873504 1.017845  0.858189 1.787647 0.115989 0.864002 0.947391 0.799567 0.860818
0.881282 0.909038 0.598505 0.869766 0.801119 1.013240  0.790650 1.831504 0.139934 0.810701 0.830270 0.746957 0.811893
0.882832 0.941378 0.556156 0.767438 0.831078 1.150362  0.722449 1.793493 0.167094 0.771050 0.879961 0.791086 0.817842
0.920884 0.953404 0.478707 0.801102 0.877975 1.149522  0.763774 1.807487 0.144511 0.837524 0.931361 0.813473 0.829534
0.865422 0.908298 0.618149 0.849013 0.786061 1.019327  0.771157 2.009390 0.181215 0.799915 0.835527 0.777738 0.816286
0.903849 0.927088 0.545752 0.918888 0.837947 0.983633  0.851889 1.711483 0.121720 0.845900 0.847188 0.795409 0.867056
0.946715 0.974516 0.385784 0.908685 0.922589 1.041852  0.885528 1.708570 0.119051 0.860864 0.974359 0.811744 0.864013
0.897389 0.908619 0.578920 0.937595 0.815384 0.957117  0.851917 1.760251 0.097141 0.862255 0.822545 0.790815 0.886551
0.942084 0.952151 0.442017 0.892645 0.897007 1.055386  0.849933 1.826544 0.092474 0.891955 0.898305 0.858778 0.902399
0.943728 0.956008 0.431294 0.933895 0.902211 1.010529  0.892811 1.774354 0.101997 0.892033 0.927273 0.876450 0.914696
0.824759 0.830033 0.728941 0.942288 0.684577 0.875272  0.782130 1.787206 0.128397 0.806107 0.701754 0.668827 0.808875
0.934409 0.941612 0.475251 0.911151 0.879850 1.025526  0.857950 1.802781 0.094573 0.892323 0.963995 0.867120 0.893725
0.968224 0.974643 0.330882 0.957433 0.943672 1.011270  0.933155 1.740868 0.058823 0.930458 0.955375 0.900382 0.936518
0.872409 0.916755 0.600287 0.785336 0.799785 1.110873  0.719961 1.970866 0.216798 0.786268 0.898551 0.753381 0.796934
0.793189 0.802609 0.771177 0.940108 0.636621 0.843721  0.754539 1.751229 0.140534 0.776319 0.647059 0.602410 0.748093
0.881372 0.891538 0.618511 0.969537 0.785776 0.909064  0.864379 1.648458 0.105902 0.853649 0.833333 0.784799 0.879385
0.912647 0.939133 0.515155 0.896494 0.857097 1.018019  0.841927 1.815585 0.135358 0.844977 0.844828 0.821265 0.873449
0.899523 0.917231 0.565030 0.878749 0.825071 1.023641  0.806016 1.826365 0.112231 0.856256 0.803279 0.792205 0.870519
0.935396 0.953417 0.452386 0.935656 0.891822 0.999721  0.892071 1.740441 0.109005 0.869196 0.918367 0.833042 0.874746
0.938013 0.958086 0.438571 0.859279 0.898696 1.091628  0.823262 2.188859 0.149544 0.858107 0.896909 0.815922 0.845942
0.886106 0.900953 0.602207 0.960623 0.798340 0.922428  0.865476 1.673987 0.110725 0.847343 0.760870 0.723382 0.846024
0.925113 0.968233 0.444608 0.904034 0.895725 1.023317  0.875315 1.700042 0.147163 0.835060 0.911578 0.785998 0.803633
0.899617 0.903628 0.582376 0.976392 0.812919 0.921368  0.882296 1.651468 0.073935 0.867077 0.777778 0.751517 0.882927
0.927059 0.977862 0.422127 0.826399 0.906537 1.121806  0.808104 1.937183 0.173358 0.825725 0.907010 0.762246 0.801570
0.930223 0.956992 0.455538 0.894247 0.890216 1.040230  0.855788 1.873061 0.122754 0.856377 0.907692 0.842859 0.861464
0.918551 0.939982 0.504484 0.936928 0.863421 0.980386  0.880695 1.799688 0.099464 0.869553 0.944444 0.811346 0.847249
0.890719 0.906342 0.590147 0.880570 0.807296 1.011525  0.798098 1.900303 0.137101 0.835946 0.907645 0.781777 0.829843
0.932593 0.940502 0.480297 0.899763 0.877106 1.036487  0.846229 1.868681 0.088528 0.892060 0.950559 0.852441 0.897505
0.894451 0.906475 0.585326 0.934338 0.810798 0.957310  0.846955 1.755353 0.122370 0.851501 0.840000 0.770811 0.849815
0.892588 0.899765 0.595819 0.962408 0.803119 0.927452  0.865941 1.773416 0.078907 0.864280 0.799955 0.761594 0.857466
0.926912 0.935961 0.497344 0.948313 0.867553 0.977433  0.887583 1.790961 0.096039 0.890689 0.892857 0.803015 0.881487
0.935666 0.949749 0.458592 0.897662 0.888647 1.042336  0.852554 1.789790 0.120259 0.877387 0.833359 0.819526 0.878567
0.890221 0.904931 0.592475 0.970215 0.805589 0.917550  0.877978 1.676330 0.091108 0.877062 0.822222 0.809322 0.888186
0.809493 0.825583 0.743889 0.847814 0.668304 0.954800  0.699941 1.895724 0.166642 0.778755 0.695544 0.627608 0.731744
0.895241 0.899408 0.593022 0.957591 0.805187 0.934889  0.861265 1.766234 0.100616 0.868104 0.854545 0.798333 0.867374
0.881834 0.890691 0.618935 0.935072 0.785442 0.943065  0.832861 1.809589 0.099983 0.844481 0.810345 0.757942 0.876974
0.990132 1.002079 0.124727 0.920581 0.992191 1.075552  0.922495 1.638105 0.066862 0.910261 0.894737 0.850002 0.912351
0.930894 0.954829 0.458209 0.867550 0.888845 1.073015  0.828361 1.775230 0.111710 0.859564 0.904691 0.862514 0.888069
0.900953 0.925485 0.552040 0.922236 0.833818 0.976922  0.853515 1.690940 0.099711 0.830209 0.989826 0.859646 0.885322
0.930574 0.935207 0.492559 0.939741 0.870279 0.990245  0.878852 1.830071 0.064115 0.899481 0.852459 0.826253 0.890532
0.915628 0.941756 0.506401 0.867747 0.862298 1.055180  0.817205 1.769468 0.094811 0.846672 0.940001 0.837501 0.854185
0.887200 0.907278 0.593360 0.869402 0.804937 1.020472  0.788789 1.784802 0.130187 0.848107 0.793479 0.785166 0.862083
0.926480 0.935995 0.497994 0.958713 0.867181 0.966379  0.897351 1.782098 0.088449 0.894934 0.870370 0.840092 0.909843
0.841958 0.858198 0.691301 0.863543 0.722567 0.975004  0.741091 1.788216 0.164314 0.783257 0.780000 0.653643 0.736470
0.899631 0.941650 0.531374 0.825589 0.847138 1.089683  0.777416 1.850277 0.152507 0.804562 0.912131 0.810649 0.813695
0.979565 1.008124 0.157472 0.899479 0.987523 1.089036  0.906787 1.758119 0.117837 0.864513 0.962583 0.941269 0.915405
0.930209 0.936804 0.490530 0.919995 0.871424 1.011103  0.861855 1.874311 0.102599 0.884554 0.875000 0.826230 0.903463
0.961647 0.967600 0.366318 0.915979 0.930490 1.049857  0.886302 1.760939 0.074545 0.904958 0.959184 0.884282 0.916336
0.878587 0.889776 0.623597 0.884969 0.781746 0.992789  0.787424 1.733357 0.088657 0.835048 0.800000 0.756116 0.836443
0.901668 0.932558 0.541255 0.928195 0.840858 0.971422  0.865595 1.664291 0.089892 0.848906 0.857143 0.838118 0.889303
0.868516 0.895120 0.628974 0.925704 0.777426 0.938222  0.828616 1.783703 0.126697 0.820245 0.716667 0.713119 0.828892
0.891007 0.900603 0.596728 0.898416 0.802444 0.991753  0.809117 1.793264 0.107859 0.859369 0.839286 0.807843 0.860830
0.952889 0.958289 0.407640 0.955983 0.913143 0.996764  0.916108 1.756746 0.065262 0.908447 0.884615 0.849960 0.905455
0.864337 0.870550 0.658651 0.848792 0.752448 1.018314  0.738916 1.790922 0.098175 0.844432 0.759259 0.731585 0.839867
0.943061 0.980849 0.379966 0.920518 0.925000 1.024490  0.902889 1.677565 0.145572 0.842504 0.963119 0.868696 0.892980
0.892593 0.910794 0.582308 0.861431 0.812968 1.036174  0.784587 1.891535 0.122348 0.844114 0.764706 0.740612 0.834608
0.919296 0.959087 0.471840 0.769670 0.881684 1.194402  0.738180 1.940926 0.148260 0.839776 0.844648 0.843532 0.877010
