548.460133 607.445021 504.533684 1870.205479 55.743505 520.547945 625.950194 233.404177 314.846112 -70.878767 
625.207024 668.578223 589.049842 2102.890411 40.344746 593.486205 691.465470 273.884921 345.737794 -58.798546 
517.529375 563.372426 487.388425 1766.753425 50.935612 491.757996 612.603712 224.240550 306.310682 -76.107709 
704.280840 733.613730 683.846091 2323.123288 50.256442 676.750414 768.223273 318.274938 386.145065 -33.798893 
691.614732 746.873074 656.788630 2483.424658 91.036554 657.534247 791.418811 297.090173 396.927268 78.794323 
706.482517 766.124571 665.309362 2435.041096 84.501370 681.610072 843.987929 313.118656 422.894349 -49.770576 
722.368029 780.314074 681.800651 2394.739726 65.288077 686.783993 827.478382 322.280751 413.746255 25.207659 
659.247587 753.654835 588.963046 2326.178082 80.982505 623.060504 791.418811 284.564039 395.722105 -28.252185 
675.005864 738.933458 624.081080 2195.342466 58.888806 630.136986 758.384922 304.156879 379.194809 -9.360464 
671.100985 735.441849 628.232813 2317.123288 63.359303 616.438356 777.440705 286.588548 389.812988 -5.772245 
721.209458 775.851548 682.308839 2438.123288 62.270218 699.902787 810.066235 315.880409 405.037245 -80.706204 
732.875752 799.328597 676.512949 2365.150685 56.077493 671.232877 824.749882 326.374216 412.574860 34.185999 
645.328570 707.512695 599.310654 2312.712329 77.594125 587.132405 762.455949 279.780751 385.734849 84.323233 
690.923463 761.682927 641.602995 2479.465753 83.201592 616.438356 821.115427 301.500167 410.887482 15.960174 
686.935165 750.260673 646.922066 2355.643836 58.428255 668.110089 787.521744 295.593776 396.634019 3.065801 
622.526186 667.300474 583.899932 2041.945205 41.012268 594.796692 693.220791 280.909386 346.618656 35.126646 
580.419180 666.424295 528.845368 1988.589041 60.522756 546.286928 748.294233 253.430442 374.150693 19.021692 
727.969142 764.427934 698.814381 2468.027397 62.731522 705.924942 784.651931 328.542964 394.373312 -10.922284 
731.407225 866.921778 623.936570 2515.493151 95.888296 630.136986 889.559262 295.830953 445.651655 6.568217 
601.841041 622.906004 589.334778 1972.726027 33.782820 589.041096 664.478930 270.820989 337.837778 -13.593243 
630.155468 685.562141 596.254464 2204.506849 74.323607 600.556444 701.962452 264.568384 353.471465 31.248460 
644.216892 668.096001 628.356233 2161.575342 55.737757 643.835616 699.703434 289.896158 360.425286 -52.845004 
721.375082 728.332049 718.057949 2413.424658 33.356390 720.783038 754.540140 332.455249 381.374106 -82.183584 
705.636531 762.052663 665.655740 2436.780822 81.845743 655.427388 819.727934 305.970205 409.872995 -16.485332 
724.184894 821.740105 658.311375 2615.753425 101.338183 666.263805 891.970516 293.123997 445.995085 63.612360 
595.455279 674.483217 560.548277 2437.561644 99.496943 575.974863 728.081104 216.610428 364.345775 33.368397 
640.497364 695.524198 610.652824 2511.767123 92.558965 628.096402 772.116924 270.802532 386.062646 59.009188 
944.917186 1091.857613 858.266553 3496.465753 171.233542 900.294679 1157.581092 377.841248 590.502154 -68.085870 
582.473768 644.437352 540.004312 1991.424658 70.898612 534.343035 671.783603 241.158780 337.026999 -42.846668 
551.717695 582.770491 537.657651 1907.452055 65.682751 518.341441 638.552623 236.617263 319.283891 -45.596681 
626.924367 698.609712 569.635265 2100.630137 60.899963 559.224844 707.149813 263.837536 354.866999 15.447497 
762.905667 809.806091 726.401487 2684.986301 70.548801 726.027397 845.419085 336.614384 423.103350 -18.342767 
729.116971 772.592537 697.041647 2452.726027 74.367753 698.630137 797.113926 317.255377 398.700917 1.697526 
662.681662 803.485520 550.047428 2209.383562 85.086265 547.945205 819.263436 266.491902 410.108201 7.875183 
755.193788 808.205020 711.099283 2603.863014 71.420666 732.712498 844.995497 336.499360 422.610741 -5.141683 
669.675384 691.653704 652.694408 2197.383562 39.392172 643.835616 715.069268 312.090708 360.484859 -20.472370 
829.954952 951.337462 760.865297 3320.082192 179.932290 784.597935 1041.435479 321.925154 520.731528 -29.418771 
561.376976 707.746516 450.566156 1875.972603 78.892571 452.054795 750.410421 226.131151 375.214957 -12.173208 
537.236692 609.546121 478.966774 1740.808219 56.894263 479.452055 610.923181 222.598773 305.467166 3.346344 
713.883965 782.212284 670.432061 2501.671233 96.629628 671.232877 817.315872 295.059989 413.257312 -2.824557 
737.587783 819.976365 676.538311 2636.931507 82.780014 671.232877 847.296819 317.533402 433.094180 27.705195 
644.958224 689.503076 614.914085 2165.534247 70.303609 614.209499 737.309034 279.001727 369.293335 9.692202 
721.664833 769.355204 691.416683 2638.465753 107.920680 696.055150 853.090582 314.103206 426.569363 35.110165 
560.738201 632.811903 505.198859 1833.821918 62.088016 479.452055 662.792530 237.941070 331.398497 -2.009779 
518.221414 560.171020 501.759192 1800.863014 76.263013 506.849315 644.848035 224.837034 322.427460 -0.439448 
563.288956 626.142967 509.003709 1812.410959 41.646564 479.452055 637.979325 239.823855 318.989891 -6.487348 
807.040120 870.537691 789.174265 3068.000000 139.907068 767.448435 1006.824671 344.012977 504.549893 -9.049942 
826.059444 888.023351 790.532690 2902.041096 101.402310 808.219178 958.901637 352.210506 480.255054 -55.828178 
726.819500 791.267206 683.196911 2437.082192 72.292230 696.019545 857.858183 324.334196 428.944337 -51.315133 
839.116512 942.066355 760.526515 2993.698630 115.043353 790.513424 1011.175144 353.852846 506.368347 -46.471228 
836.121440 896.555627 786.374061 2919.383562 74.020398 794.139088 931.606072 370.679787 465.811688 1.504372 
634.312460 709.163980 574.988638 2132.794521 77.621023 575.342466 746.412156 270.596486 373.209116 -27.763729 
690.923463 774.067996 621.668504 2255.383562 54.518717 613.672462 805.773573 300.949680 402.888799 -4.664654 
751.864482 811.149962 703.715705 2490.794521 72.208448 684.931507 852.950299 338.334870 426.476440 -19.172816 
698.660809 746.699227 663.552056 2445.136986 84.020428 651.709862 795.228060 306.839184 398.592233 3.420259 
554.094403 622.423754 501.417468 1794.178082 50.482698 504.895035 623.849542 242.141212 314.780406 -1.211057 
718.720519 887.864600 593.363166 2663.232877 119.768861 616.438356 982.202245 297.832919 491.101144 -2.511593 
699.515231 781.371191 629.149571 2294.917808 70.382755 643.835616 806.474663 303.882268 403.237973 -13.385535 
742.108941 841.551536 660.989977 2493.287671 74.198289 641.382814 846.215792 303.620489 425.746354 12.043673 
509.217941 514.292776 510.276715 1737.767442 34.047525 474.418605 558.138096 231.610839 279.529091 -5.033186 
665.579796 714.989705 635.514708 2410.213953 74.351983 646.427255 749.468841 282.456047 382.291075 -21.936523 
585.952944 650.370364 542.290453 1996.046512 58.426000 568.959038 661.852997 228.096741 330.936034 78.539111 
782.028227 840.372242 731.358521 2614.353488 50.139611 725.581395 878.158798 355.259321 439.098048 16.029036 
641.429268 700.534535 604.069586 2322.232877 60.814310 628.900837 750.925143 269.153555 375.464934 -75.572093 
658.088508 741.758691 597.069092 2378.009302 85.674450 599.372545 763.370620 278.561432 387.275058 -13.641865 
695.703192 750.910403 651.174876 2279.740319 61.534557 642.369021 764.640894 311.218401 388.582560 -10.627645 
585.106191 694.935524 502.137231 2128.632558 96.140899 519.302733 794.473980 243.707224 397.245791 -59.938885 
695.919609 773.561524 655.313019 2648.164384 106.132473 693.314383 855.258696 276.823282 427.645517 -42.430826 
623.662061 636.672319 628.728855 2178.251163 73.490605 641.283065 681.296121 270.861372 362.413313 16.796424 
838.831728 901.766529 785.821130 2864.438356 86.063693 767.123288 928.462297 363.333708 464.362339 -73.349279 
679.585778 706.689372 657.567216 2330.818605 50.660041 655.813953 741.634175 304.163491 371.407059 -15.793419 
601.608941 684.745620 535.297279 2135.679070 53.337012 543.834455 719.247087 250.803453 359.674945 -5.905332 
533.003625 591.130415 497.056881 1804.018605 47.913005 502.325581 599.349830 219.993437 305.274436 19.078677 
697.408692 802.988592 624.264486 2366.818605 88.359272 600.000000 841.374202 286.131581 425.283843 -8.299730 
698.829078 784.314188 629.367881 2443.674419 75.374740 655.813953 811.808214 299.990429 406.207786 5.695270 
671.278973 704.467137 643.279043 2205.986301 43.809146 630.136986 741.372172 306.908362 371.885497 -5.353215 
644.772971 745.973890 561.306853 2386.465753 63.300316 561.643836 767.708108 274.472416 384.918988 1.003861 
529.396670 561.359707 519.257998 1806.753425 77.065273 514.999831 592.842736 223.569551 314.969860 -31.990936 
802.735875 899.330559 731.127350 2927.534247 98.213182 712.328767 961.811294 342.667419 480.917526 -9.022073 
797.360351 867.359886 764.737614 3254.616438 118.216934 766.922829 909.180059 327.642556 464.594133 18.995750 
